listing_id,title,brand,price_raw,price_sgd,condition,likes_count,time_created,seller_username,seller_name,seller_url,url,thumbnail_url,photo_urls,description,scraped_at
1460811998,New Audemars Piguet Royal Oak Bracelet 15510OR.OO.1320OR.03 15510OR AP Blue Dial Z28524 Jan 2026,audemars piguet royal oak,"S$128,800",128800.0,Brand new,0.0,2026-09-10 09:40:15,watchexchange.sg,Watch Exchange,https://www.carousell.sg/u/watchexchange.sg/,https://www.carousell.sg/p/1460811998,https://media.karousell.com/media/photos/products/2026/9/10/new_audemars_piguet_royal_oak__1789033273_953e0a69_progressive_thumbnail,https://media.karousell.com/media/photos/products/2026/9/10/new_audemars_piguet_royal_oak__1789033273_953e0a69_progressive_thumbnail,"New Audemars Piguet Royal Oak Bracelet 15510OR.OO.1320OR.03 15510OR AP Blue Dial Z28524 Jan 2026
Price: $128,800

Brand: Audemars Piguet
Model: 15510OR.OO.1320OR.03
Condition: New
Dial: Blue
Case Diameter: 41mm
Material: Rose Gold
Original Box: Yes
Original Cert/Papers: Yes
Dated: Jan 2026
Warranty: Manufacturer's Warranty ending on Jan 2031
Remarks: Full Set

Available at Flagship Boutique, Far East Plaza #01-01

All prices are subject to change without notice
No reservation unless with agreed deposit.

--",2026-09-10 09:53:50
1440589126,Mint Audemars Piguet Royal Oak Offshore Alinghi Team Leather 26062OR.OO.A002CA.01 26062OR Black Dial Z24568 Aug 2007,audemars piguet royal oak,"S$39,800",39800.0,Lightly used,17.0,,watchexchange.sg,Watch Exchange,https://www.carousell.sg/u/watchexchange.sg/,https://www.carousell.sg/p/1440589126,https://media.karousell.com/media/photos/products/2026/7/21/mint_audemars_piguet_royal_oak_1784648669_56b1b24d_progressive_thumbnail,https://media.karousell.com/media/photos/products/2026/7/21/mint_audemars_piguet_royal_oak_1784648669_56b1b24d_progressive_thumbnail,"Mint Audemars Piguet Royal Oak Offshore Alinghi Team Leather 26062OR.OO.A002CA.01 26062OR Black Dial Z24568 Aug 2007
Price: $39,800

Brand: Audemars Piguet
Model: 26062OR.OO.A002CA.01
Condition: Mint
Dial: Black
Case Diameter: 44mm
Material: Rose Gold / Carbon TPT
Original Box: Yes
Original Cert/Papers: Yes
Dated: Aug 2007
Warranty: 1 Year Warranty by Watchlab Singapore
Remarks: Discontinued Model, Full Set, Overhaul Servicing Completed By Watchlab Singapore, Limited edition 600 Pcs

Available at Flagship B",2026-09-10 09:53:50
1441465683,Mint Audemars Piguet Royal Oak Offshore Limited Edition 500PCS Rubber 77600TI.OO.A343CA.01 77600TI AP Music Dial Z25474 Sep 2022,audemars piguet royal oak,"S$44,300",44300.0,Lightly used,41.0,,watchexchange.sg,Watch Exchange,https://www.carousell.sg/u/watchexchange.sg/,https://www.carousell.sg/p/1441465683,https://media.karousell.com/media/photos/products/2026/8/17/mint_audemars_piguet_royal_oak_1786961094_e6c99d85_progressive_thumbnail,https://media.karousell.com/media/photos/products/2026/8/17/mint_audemars_piguet_royal_oak_1786961094_e6c99d85_progressive_thumbnail,"Mint Audemars Piguet Royal Oak Offshore Limited Edition 500PCS Rubber 77600TI.OO.A343CA.01 77600TI AP Music Dial Z25474 Sep 2022
Price: $44,300

Brand: Audemars Piguet
Model: 77600TI.OO.A343CA.01
Condition: Mint
Dial: Music
Case Diameter: 37mm
Material: Titanium
Original Box: Yes
Original Cert/Papers: Yes
Dated: Sep 2022
Warranty: Manufacturer's Warranty ending on Sep 2027
Remarks: Rare Model, Full Set, Additional Original Strap Available

Available at Flagship Boutique, Far East Plaza #01-01

All prices ar",2026-09-10 09:53:50
1453744279,Pre Owned Audemars Piguet Royal Oak Perpetual Calendar 26579CS Blue Dial Automatic Ceramic Casing Bracelet ( Aug 24 ),audemars piguet royal oak,"S$628,850",628850.0,Like new,23.0,,brightime,Brightime By Championtime,https://www.carousell.sg/u/brightime/,https://www.carousell.sg/p/1453744279,https://media.karousell.com/media/photos/products/2026/8/4/pre_owned_audemars_piguet_roya_1785844319_3e2040a8_progressive_thumbnail.jpg,https://media.karousell.com/media/photos/products/2026/8/4/pre_owned_audemars_piguet_roya_1785844319_3e2040a8_progressive_thumbnail.jpg,"Pre Owned Audemars Piguet Royal Oak Perpetual Calendar 26579CS Blue Dial Automatic Ceramic Casing Bracelet ( Aug 24 )

** Pre-Owned **

** Unpolished Set, Very Mint Condition **

Model : 26579CS.OO.1225CS.01
Also known as : Royal Oak Perpetual Calendar
Case size : 41mm
Dial : Blue Dial With Luminous Baton Numerals Index
Case metal : Blue Ceramic
Clasp/ Buckle Type : Titanium Folding Clasp
Case back : Exhibition
Bezel : Blue Ceramic
Strap/Bracelet : Blue Ceramic
Movement type : Automatic
Water resistance : 5",2026-09-10 09:53:50
1411011356,"🏆 2025 Carousell Specialist Award Winner  Singapore’s Trusted House for Authentic Luxury Watches Rolex, Patek Philippe, Audemars Piguet, Cartier, Tudor and many more!",audemars piguet royal oak,"S$86,918,918",86918918.0,Brand new,15.0,,houseofwatches.sg,House of Watches Singapore,https://www.carousell.sg/u/houseofwatches.sg/,https://www.carousell.sg/p/1411011356,https://media.karousell.com/media/photos/products/2026/8/19/_2025_carousell_specialist_awa_1787132543_650c0086_progressive_thumbnail.jpg,https://media.karousell.com/media/photos/products/2026/8/19/_2025_carousell_specialist_awa_1787132543_650c0086_progressive_thumbnail.jpg,"Visit our official website: 
www.houseofwatches.sg

We are located at: 
14 Scotts Road #04-146 Far East Plaza Singapore 228213
Open Daily, 1130am-730pm

We are honoured to be awarded the 2025 Carousell Specialist Award, a recognition given to sellers who consistently demonstrate professionalism, authenticity, transparency, and exceptional customer satisfaction.

We have built our reputation as one of Singapore’s most trusted House for Authentic Luxury Timepieces, backed by:

🏆 2025 Carousell Specialist Awar",2026-09-10 09:53:50
1429089026,"🏆 2025 Carousell Specialist Award Winner Your Trusted House for Authentic Luxury Timepieces — featuring Rolex, Patek Philippe, Audemars Piguet, Cartier, Tudor and more.",audemars piguet royal oak,"S$86,918,918",86918918.0,Brand new,6.0,,houseofwatches.sg,House of Watches Singapore,https://www.carousell.sg/u/houseofwatches.sg/,https://www.carousell.sg/p/1429089026,https://media.karousell.com/media/photos/products/2026/3/31/_2025_carousell_specialist_awa_1774947997_b4c5cb27_progressive_thumbnail,https://media.karousell.com/media/photos/products/2026/3/31/_2025_carousell_specialist_awa_1774947997_b4c5cb27_progressive_thumbnail,"🌐 www.houseofwatches.sg

Buy Sell Trade Consign Authentic Luxury Timepieces with Absolute Peace of Mind! 

🏆 Carousell 2025 Specialist Award Winner – Luxury Watches (Modern)
🏆 Singapore Consumers’ Choice Award 2025/2026
🏆 SME Excellence Business Award Achiever

⸻

⭐ WHY CHOOSE HOUSE OF WATCHES?

✅ 100% Authenticity Guaranteed
✅ Stringent 5-Step Professional Authentication
✅ Transparent & Fair Market Pricing
✅ Proper Documentation Provided
✅ Licensed Second-Hand Dealer in Singapore
✅ Award-Winning & Highly R",2026-09-10 09:53:50
1416202322,"Sell Rolex, Patek, AP & more at Top-Tier Pricing | INSTANT CASH OUT | Your Trusted Watch Buyer – House of Watches",audemars piguet royal oak,"S$86,918,918",86918918.0,Lightly used,12.0,,houseofwatches.sg,House of Watches Singapore,https://www.carousell.sg/u/houseofwatches.sg/,https://www.carousell.sg/p/1416202322,https://media.karousell.com/media/photos/products/2026/1/17/sell_rolex_patek_ap_and_more_a_1768672721_59434176_progressive_thumbnail.jpg,https://media.karousell.com/media/photos/products/2026/1/17/sell_rolex_patek_ap_and_more_a_1768672721_59434176_progressive_thumbnail.jpg,"
🌐 Website: www.houseofwatches.sg

📍 Visit Our Boutique:
14 Scotts Road, #04-146 Far East Plaza, Singapore 228213

Looking to sell your luxury watch in Singapore?
At House of Watches Singapore, we provide a safe, transparent, and professional way to sell your timepiece with complete peace of mind.

We buy & sell Rolex, Patek Philippe, Audemars Piguet, Cartier, Tudor, Omega and more.

⸻

Why Choose House of Watches?

🔒 Trusted Physical Boutique
Operate from a licensed retail boutique at Far East Plaza — not ",2026-09-10 09:53:50
1409942793,Mint Audemars Piguet Royal Oak Offshore Limited Edition Grand Prix Leather 26290RO.OO.A001VE.01 26290RO AP Black Dial Z20683 Jun 2010,audemars piguet royal oak,"S$41,600",41600.0,Lightly used,40.0,,watchexchange.sg,Watch Exchange,https://www.carousell.sg/u/watchexchange.sg/,https://www.carousell.sg/p/1409942793,https://media.karousell.com/media/photos/products/2026/8/28/mint_audemars_piguet_royal_oak_1787901431_f21be370_progressive_thumbnail,https://media.karousell.com/media/photos/products/2026/8/28/mint_audemars_piguet_royal_oak_1787901431_f21be370_progressive_thumbnail,"Mint Audemars Piguet Royal Oak Offshore Limited Edition Grand Prix Leather 26290RO.OO.A001VE.01 26290RO AP Black Dial Z20683 Jun 2010
Price: $41,600

Brand: Audemars Piguet
Model: 26290RO.OO.A001VE.01
Condition: Mint
Dial: Black
Case Diameter: 44mm
Material: Rose Gold
Original Box: Yes
Original Cert/Papers: Yes
Dated: Jun 2010
Warranty: 1 Year Warranty by Watchlab Singapore
Remarks: Overseas AD, Full Set, Serviced at APSC (worth $3,300) on Aug 2023

Available at Flagship Boutique, Far East Plaza #01-01

All",2026-09-10 09:53:50
1455172036,LNIB Audemars Piguet Royal Oak Offshore Bracelet 26238TI.OO.2000TI.01 26238TI AP Grey Dial Z27712 Oct 2025,audemars piguet royal oak,"S$45,900",45900.0,Like new,17.0,,watchexchange.sg,Watch Exchange,https://www.carousell.sg/u/watchexchange.sg/,https://www.carousell.sg/p/1455172036,https://media.karousell.com/media/photos/products/2026/8/12/lnib_audemars_piguet_royal_oak_1786509522_ce71f381_progressive_thumbnail,https://media.karousell.com/media/photos/products/2026/8/12/lnib_audemars_piguet_royal_oak_1786509522_ce71f381_progressive_thumbnail,"LNIB Audemars Piguet Royal Oak Offshore Bracelet 26238TI.OO.2000TI.01 26238TI AP Grey Dial Z27712 Oct 2025
Price: $45,900

Brand: Audemars Piguet
Model: 26238TI.OO.2000TI.01
Condition: LNIB
Dial: Grey
Case Diameter: 42mm
Material: Titanium
Original Box: Yes
Original Cert/Papers: Yes
Dated: Oct 2025
Warranty: Manufacturer's Warranty ending on Oct 2030
Remarks: Protective Film Applied, Full Set, As good as new 9.9 condition, AD Retail Price @ S$68,500

Available at Flagship Boutique, Far East Plaza #01-01

Al",2026-09-10 09:53:50
1409308065,"Your Trusted House for Authentic Luxury Watches in Singapore | Buy, Sell, Trade & Consign with Full Assurance for Patek Philippe, Rolex, Audemars Piguet, Cartier, Tudor and more! ",audemars piguet royal oak,"S$86,918,918",86918918.0,Brand new,12.0,,houseofwatches.sg,House of Watches Singapore,https://www.carousell.sg/u/houseofwatches.sg/,https://www.carousell.sg/p/1409308065,https://media.karousell.com/media/photos/products/2025/12/12/your_trusted_luxury_watch_deal_1765519632_4c931aff_progressive_thumbnail.jpg,https://media.karousell.com/media/photos/products/2025/12/12/your_trusted_luxury_watch_deal_1765519632_4c931aff_progressive_thumbnail.jpg,"Looking for a trusted luxury watch dealer in Singapore? At House of Watches, we specialise in authentic luxury watches, offering sincerity, transparency, and competitive pricing, trusted by thousands of watch enthusiasts. 

Every timepiece goes through a strict and stringent authentication and inspection process before being listed — because authenticity is non-negotiable.

✅ 100% Authentic Luxury Watches
✅ Meticulously Inspected & Verified
✅ Complete Documentation Provided
✅ Fair & Transparent Market Prici",2026-09-10 09:53:50
1459190759,Mint Audemars Piguet Royal Oak Bracelet 26320ST.OO.1220ST.01 AP Black Dial Z28270 Jul 2013,audemars piguet royal oak,"S$45,500",45500.0,Lightly used,14.0,,watchexchange.sg,Watch Exchange,https://www.carousell.sg/u/watchexchange.sg/,https://www.carousell.sg/p/1459190759,https://media.karousell.com/media/photos/products/2026/9/2/mint_audemars_piguet_royal_oak_1788345682_9081489e_progressive_thumbnail,https://media.karousell.com/media/photos/products/2026/9/2/mint_audemars_piguet_royal_oak_1788345682_9081489e_progressive_thumbnail,"Mint Audemars Piguet Royal Oak Bracelet 26320ST.OO.1220ST.01 AP Black Dial Z28270 Jul 2013
Price: $45,500

Brand: Audemars Piguet
Model: 26320ST.OO.1220ST.01
Condition: Mint
Dial: Black
Case Diameter: 41mm
Material: Stainless Steel
Original Box: Yes
Original Cert/Papers: Yes
Dated: Jul 2013
Warranty: 1 Year Warranty by Watchlab Singapore
Remarks: Discontinued Model, Full Set w Tag

Available at Flagship Boutique, Far East Plaza #01-01

All prices are subject to change without notice
No reservation unless wi",2026-09-10 09:53:50
1416203061,"🏠Your Trusted House for Authentic Luxury Watches | Buy Sell Trade Consign Patek Philippe, Rolex, Audemars Piguet, Cartier, Tudors and more!",audemars piguet royal oak,"S$86,918,918",86918918.0,Brand new,8.0,,houseofwatches.sg,House of Watches Singapore,https://www.carousell.sg/u/houseofwatches.sg/,https://www.carousell.sg/p/1416203061,https://media.karousell.com/media/photos/products/2026/1/17/your_trusted_house_for_authent_1768673330_d652a72f_progressive_thumbnail.jpg,https://media.karousell.com/media/photos/products/2026/1/17/your_trusted_house_for_authent_1768673330_d652a72f_progressive_thumbnail.jpg,"Visit our official website: 
www.houseofwatches.sg

We are located at: 
14 Scotts Road #04-146 Far East Plaza Singapore 228213
Open Daily, 1130am-730pm

We are honoured to be awarded the 2025 Carousell Specialist Award, a recognition given to sellers who consistently demonstrate professionalism, authenticity, transparency, and exceptional customer satisfaction.

We have built our reputation as one of Singapore’s most trusted House for Authentic Luxury Timepieces, backed by:

🏆 2025 Carousell Specialist Awar",2026-09-10 09:53:50
1436758106,Brand New Audemars Piguet Royal Oak Chrono 26240ST Black Dial Automatic Steel Casing Bracelet ( May 26 ),audemars piguet royal oak,"S$74,850",74850.0,Brand new,30.0,,brightime,Brightime By Championtime,https://www.carousell.sg/u/brightime/,https://www.carousell.sg/p/1436758106,https://media.karousell.com/media/photos/products/2026/5/8/brand_new_audemars_piguet_roya_1778239267_8ed6fb9f_progressive_thumbnail.jpg,https://media.karousell.com/media/photos/products/2026/5/8/brand_new_audemars_piguet_roya_1778239267_8ed6fb9f_progressive_thumbnail.jpg,"Brand New Audemars Piguet Royal Oak Chrono 26240ST Black Dial Automatic Steel Casing Bracelet ( May 26 )

** Brand New **

Model : 26240ST.OO.1320ST.06
Also known as : Royal Oak Chrono 41
Case size : 41mm
Dial : Black Grande Tapisserie Dial With Luminous Baton Numerals Index & Sub Chrono Dials
Case metal : Stainless Steel
Clasp/ Buckle Type : Steel Folding Clasp
Case back : Exhibition
Bezel : Stainless Steel
Strap/Bracelet : Stainless Steel
Movement type : Automatic
Water resistance : 50m
Crystal : Sapphire",2026-09-10 09:53:50
1448198734,Brand New Audemars Piguet Royal Oak Chrono 26240ST Black Dial Automatic Steel Casing Bracelet ( Apr 26 ),audemars piguet royal oak,"S$74,650",74650.0,Brand new,22.0,,brightime,Brightime By Championtime,https://www.carousell.sg/u/brightime/,https://www.carousell.sg/p/1448198734,https://media.karousell.com/media/photos/products/2026/7/7/brand_new_audemars_piguet_roya_1783424991_b2c6f055_progressive_thumbnail.jpg,https://media.karousell.com/media/photos/products/2026/7/7/brand_new_audemars_piguet_roya_1783424991_b2c6f055_progressive_thumbnail.jpg,"Brand New Audemars Piguet Royal Oak Chrono 26240ST Black Dial Automatic Steel Casing Bracelet ( Apr 26 )

** Brand New **

Model : 26240ST.OO.1320ST.06
Also known as : Royal Oak Chrono 41
Case size : 41mm
Dial : Black Grande Tapisserie Dial With Luminous Baton Numerals Index & Sub Chrono Dials
Case metal : Stainless Steel
Clasp/ Buckle Type : Steel Folding Clasp
Case back : Exhibition
Bezel : Stainless Steel
Strap/Bracelet : Stainless Steel
Movement type : Automatic
Water resistance : 50m
Crystal : Sapphire",2026-09-10 09:53:50
1460789118,Like New May 2019 Audemars Piguet Royal Oak Jumbo 39mm 15202ST 15202 Stainless Steel,audemars piguet royal oak,"S$87,950",87950.0,Like new,0.0,2026-09-10 08:08:45,timewondersluxury,Time,https://www.carousell.sg/u/timewondersluxury/,https://www.carousell.sg/p/1460789118,https://media.karousell.com/media/photos/products/2026/9/10/like_new_may_2019_audemars_pig_1789027724_b0a63c71_progressive_thumbnail,https://media.karousell.com/media/photos/products/2026/9/10/like_new_may_2019_audemars_pig_1789027724_b0a63c71_progressive_thumbnail,"Brand: Audemars Piguet 
Model: 15202ST 
Condition: Like New 
Dial: Blue 
Case Diameter: 39mm 
Movement : Automatic 
Material: Stainless Steel 
Bracelet: Stainless Steel 
Original Box: Yes 
Original Cert/Papers: Yes 
Dated: May 2019 
Warranty: 1 YEAR WARRANTY BY TIME WONDERS LUXURY.

Additional remarks: 

Note: All prices are subject to change without notice. No reservation unless with agreed deposit.
—
Location: 14 Scotts Road #03-104/105/106 Far East Plaza Singapore 228213
Operating Hours",2026-09-10 09:53:50
1460788000,Mint January 2020 Audemars Piguet Royal Oak Perpetual Calendar 41mm 26579CE Black Ceramic 26579,audemars piguet royal oak,"S$299,000",299000.0,Like new,1.0,2026-09-10 08:02:38,timewondersluxury,Time,https://www.carousell.sg/u/timewondersluxury/,https://www.carousell.sg/p/1460788000,https://media.karousell.com/media/photos/products/2026/9/10/mint_january_2020_audemars_pig_1789027358_c11cb954_progressive_thumbnail,https://media.karousell.com/media/photos/products/2026/9/10/mint_january_2020_audemars_pig_1789027358_c11cb954_progressive_thumbnail,"Brand: Audemars Piguet 
Model: 26579CE 
Condition: Mint 
Dial: Black 
Case Diameter: 41mm 
Movement : Automatic 
Material: Black Ceramic 
Bracelet: Black Ceramic 
Original Box: Yes 
Original Cert/Papers: Yes 
Dated: September 2020 
Warranty: 1 YEAR WARRANTY BY TIME WONDERS LUXURY.

Additional remarks: 

Note: All prices are subject to change without notice. No reservation unless with agreed deposit.
—
Location: 14 Scotts Road #03-104/105/106 Far East Plaza Singapore 228213
Operating Hours:",2026-09-10 09:53:50
1460785747,Mint Audemars Piguet Royal Oak Bracelet 15450ST.OO.1256ST.03 15450ST AP Blue Dial Z28522 Dec 2018,audemars piguet royal oak,"S$52,900",52900.0,Lightly used,1.0,2026-09-10 07:50:18,watchexchange.sg,Watch Exchange,https://www.carousell.sg/u/watchexchange.sg/,https://www.carousell.sg/p/1460785747,https://media.karousell.com/media/photos/products/2026/9/10/mint_audemars_piguet_royal_oak_1789026672_383e6be6_progressive_thumbnail,https://media.karousell.com/media/photos/products/2026/9/10/mint_audemars_piguet_royal_oak_1789026672_383e6be6_progressive_thumbnail,"Mint Audemars Piguet Royal Oak Bracelet 15450ST.OO.1256ST.03 15450ST AP Blue Dial Z28522 Dec 2018
Price: $52,900

Brand: Audemars Piguet
Model: 15450ST.OO.1256ST.03
Condition: Mint
Dial: Blue
Case Diameter: 37mm
Material: Stainless Steel
Original Box: Yes
Original Cert/Papers: Yes
Dated: Dec 2018
Warranty: 1 Year Warranty by Watchlab Singapore
Remarks: Full Set w Tag

Available at Flagship Boutique, Far East Plaza #01-01

All prices are subject to change without notice
No reservation unless with agreed depo",2026-09-10 09:53:50
1459339073,New Audemars Piguet Royal Oak Bracelet 15551OR.ZZ.1356OR.06 15551OR AP Khaki Green Dial Z28337 Jul 2026,audemars piguet royal oak,"S$118,800",118800.0,Brand new,4.0,,watchexchange.sg,Watch Exchange,https://www.carousell.sg/u/watchexchange.sg/,https://www.carousell.sg/p/1459339073,https://media.karousell.com/media/photos/products/2026/9/3/new_audemars_piguet_royal_oak__1788415583_3cc68378_progressive_thumbnail,https://media.karousell.com/media/photos/products/2026/9/3/new_audemars_piguet_royal_oak__1788415583_3cc68378_progressive_thumbnail,"New Audemars Piguet Royal Oak Bracelet 15551OR.ZZ.1356OR.06 15551OR AP Khaki Green Dial Z28337 Jul 2026
Price: $118,800

Brand: Audemars Piguet
Model: 15551OR.ZZ.1356OR.06
Condition: New
Dial: Khaki Green
Case Diameter: 37mm
Material: Rose Gold
Original Box: Yes
Original Cert/Papers: Yes
Dated: Jul 2026
Warranty: Manufacturer's Warranty ending on Jul 2031
Remarks: Full Set

Available at Flagship Boutique, Far East Plaza #01-01

All prices are subject to change without notice
No reservation unless with agree",2026-09-10 09:53:50
1460758872,Pre-Owned Audemars Piguet Royal Oak Offshore 'Grand Prix' Carbon 44mm 26290IO (Limited Edition of 1750 Pieces Only),audemars piguet royal oak,"S$25,850",25850.0,Lightly used,1.0,2026-09-10 05:36:44,chuanwatch,Chuan Watch,https://www.carousell.sg/u/chuanwatch/,https://www.carousell.sg/p/1460758872,https://media.karousell.com/media/photos/products/2026/9/10/preowned_audemars_piguet_royal_1789018603_1d4cf529_progressive_thumbnail,https://media.karousell.com/media/photos/products/2026/9/10/preowned_audemars_piguet_royal_1789018603_1d4cf529_progressive_thumbnail,"Audemars Piguet Royal Oak Offshore 'Grand Prix' Carbon 44mm 26290IO 
(Limited Edition of 1750 Pieces Only)

REF :  26290IO.OO.A001VE.01

*AVAILABLE 
Asking Price of SGD$25,850 
(Negotiable, 2% Off via Cash / Bank Wire / PayNow)

Condition :
Pre-Owned in Near-MINT Condition 
G Series (Circa 2008 - 2010) 
Complete Limited Edition Box and Guarantee/Manual Booklets 
Originally Purchased in JULY 2011 
Limited Edition of 1750 Pieces Only by Audemars Piguet  

*Retail Price was at SGD$59,800/-

D",2026-09-10 09:53:50
1460756444,Pre-Owned Audemars Piguet Royal Oak Offshore 'Team Alinghi' Carbon 44mm 26062FS (Limited Edition of 1300 Pieces Only),audemars piguet royal oak,"S$21,850",21850.0,Well used,0.0,2026-09-10 05:21:14,chuanwatch,Chuan Watch,https://www.carousell.sg/u/chuanwatch/,https://www.carousell.sg/p/1460756444,https://media.karousell.com/media/photos/products/2026/9/10/preowned_audemars_piguet_royal_1789017674_0c235cf4_progressive_thumbnail,https://media.karousell.com/media/photos/products/2026/9/10/preowned_audemars_piguet_royal_1789017674_0c235cf4_progressive_thumbnail,"Audemars Piguet Royal Oak Offshore 'Team Alinghi' Carbon 44mm 26062FS 
(Limited Edition of 1300 Pieces Only)

REF :  26062FS.OO.A002CA.01

*AVAILABLE 
Asking Price of SGD$21,850 
(Negotiable, 2% Off via Cash / Bank Wire / PayNow)

Condition :
Pre-Owned in Very Good Condition 
G Series (Circa 2007 - 2010) 
Re-Issued Guarantee Certificate and AP Service Invoice Only 
Complete Maintenance Service done at AP SG 
in FEBRUARY 2016 valued at SGD$2,199/- 
Limited Edition of 1300 Pieces Only by Audema",2026-09-10 09:53:50
1426441944,New Old Stock Audemars Piguet Royal Oak 50th Anniversary Bracelet 26240OR.OO.1320OR.04 26240OR AP Khaki Green Dial Z23042 Nov 2022,audemars piguet royal oak,"S$138,800",138800.0,Brand new,40.0,,watchexchange.sg,Watch Exchange,https://www.carousell.sg/u/watchexchange.sg/,https://www.carousell.sg/p/1426441944,https://media.karousell.com/media/photos/products/2026/8/29/new_old_stock_audemars_piguet__1787980814_28bc99a2_progressive_thumbnail,https://media.karousell.com/media/photos/products/2026/8/29/new_old_stock_audemars_piguet__1787980814_28bc99a2_progressive_thumbnail,"New Old Stock Audemars Piguet Royal Oak 50th Anniversary Bracelet 26240OR.OO.1320OR.04 26240OR AP Khaki Green Dial Z23042 Nov 2022
Price: $138,800

Brand: Audemars Piguet
Model: 26240OR.OO.1320OR.04
Condition: New Old Stock
Dial: Khaki Green
Case Diameter: 41mm
Material: Pink Gold
Original Box: Yes
Original Cert/Papers: Yes
Dated: Nov 2022
Warranty: Manufacturer's Warranty ending on Nov 2027
Remarks: Full Set, 50th Anniversary Model

Available at Flagship Boutique, Far East Plaza #01-01

All prices are subj",2026-09-10 09:53:50
1436951610,New Audemars Piguet Royal Oak Strap 15510OR.OO.D315CR.02 15510OR AP Blue Dial Z24678 May 2026,audemars piguet royal oak,"S$78,800",78800.0,Brand new,32.0,,watchexchange.sg,Watch Exchange,https://www.carousell.sg/u/watchexchange.sg/,https://www.carousell.sg/p/1436951610,https://media.karousell.com/media/photos/products/2026/8/2/new_audemars_piguet_royal_oak__1785635899_8b363f4b_progressive_thumbnail,https://media.karousell.com/media/photos/products/2026/8/2/new_audemars_piguet_royal_oak__1785635899_8b363f4b_progressive_thumbnail,"New Audemars Piguet Royal Oak Strap 15510OR.OO.D315CR.02 15510OR AP Blue Dial Z24678 May 2026
Price: $78,800

Brand: Audemars Piguet
Model: 15510OR.OO.D315CR.02
Condition: New
Dial: Blue
Case Diameter: 41mm
Material: Rose Gold
Original Box: Yes
Original Cert/Papers: Yes
Dated: May 2026
Warranty: Manufacturer's Warranty ending on May 2031
Remarks: Full Set

Available at Flagship Boutique, Far East Plaza #01-01

All prices are subject to change without notice
No reservation unless with agreed deposit.

------",2026-09-10 09:53:50
1460746334,[ LNIB 2017 w BRACELET ⚫️ ] AP 15710ST Diver Royal Oak Offshore 42mm Audemars Piguet w both Bracelet and Rubber,audemars piguet royal oak,"S$23,288",23288.0,Like new,2.0,2026-09-10 04:16:33,bayfort,BAYFORT PTE. LTD.,https://www.carousell.sg/u/bayfort/,https://www.carousell.sg/p/1460746334,https://media.karousell.com/media/photos/products/2026/9/10/_lnib_2017_w_bracelet___ap_157_1789013792_f9377b61_progressive_thumbnail.jpg,https://media.karousell.com/media/photos/products/2026/9/10/_lnib_2017_w_bracelet___ap_157_1789013792_f9377b61_progressive_thumbnail.jpg,"Subscribe to Bayfort Tele-gram Community for Exclusive Deals & Clearance Sales (QR code in second last picture)

Model: 15710ST
Dated: 2017
Case Size: 42mm
Comes with: Full Set w Extra Original AP Bracelet 
Condition: Lightly Used, Mint Condition 

** Local AD **

** Comes with extra Original AP Stainless Steel Offshore Bracelet **

Original Box: Yes
Original Cert: Yes



————————

www.bayfort.sg

⭐ BAYFORT PTE. LTD. 
⭐ UEN: 202218480E 
⭐ PSPM License: PS20250000719
⭐ GST Reg. No.: 202218480E 

🏬 Shop Based",2026-09-10 09:53:50
1411844494,"🏆 House of Watches Singapore |Your Trusted House for Authentic Luxury Watches Specializing in Patek Philippe, Rolex, Audemars Piguet, Cartier, Tudor and many more!",audemars piguet royal oak,"S$86,918,918",86918918.0,Brand new,46.0,,houseofwatches.sg,House of Watches Singapore,https://www.carousell.sg/u/houseofwatches.sg/,https://www.carousell.sg/p/1411844494,https://media.karousell.com/media/photos/products/2025/12/26/house_of_watches_singapore_you_1766734250_32d76e8b_progressive_thumbnail,https://media.karousell.com/media/photos/products/2025/12/26/house_of_watches_singapore_you_1766734250_32d76e8b_progressive_thumbnail,"🌐 www.houseofwatches.sg

Buy Sell Trade Consign Authentic Luxury Timepieces with Absolute Peace of Mind! 

🏆 Carousell 2025 Specialist Award Winner – Luxury Watches (Modern)
🏆 Singapore Consumers’ Choice Award 2025/2026
🏆 SME Excellence Business Award Achiever

⸻

⭐ WHY CHOOSE HOUSE OF WATCHES?

✅ 100% Authenticity Guaranteed
✅ Stringent 5-Step Professional Authentication
✅ Transparent & Fair Market Pricing
✅ Proper Documentation Provided
✅ Licensed Second-Hand Dealer in Singapore
✅ Award-Winning & Highly R",2026-09-10 09:53:50
1442646740,"Your Trusted House for Authentic Luxury Watches in Singapore | Buy, Sell, Trade & Consign with Full Assurance for Patek Philippe, Rolex, Audemars Piguet, Cartier, Tudor and more!",audemars piguet royal oak,"S$86,918,918",86918918.0,Brand new,6.0,,houseofwatches.sg,House of Watches Singapore,https://www.carousell.sg/u/houseofwatches.sg/,https://www.carousell.sg/p/1442646740,https://media.karousell.com/media/photos/products/2026/6/8/your_trusted_house_for_authent_1780915631_16c14cda_progressive_thumbnail,https://media.karousell.com/media/photos/products/2026/6/8/your_trusted_house_for_authent_1780915631_16c14cda_progressive_thumbnail,"Looking for Luxury watches in Singapore? The process should be safe, transparent and stress-free. 

At House of Watches, we are committed to providing clients with a professional and trustworthy experience when buying, selling, trading, or consigning luxury watches. 

As a licensed and regulated Singapore company, we operate with accountability, professionalism, and integrity, giving our clients confidence and peace of mind with every transaction.

Licensed & Regulated company by
✓ The Ministry of Law
✓ The",2026-09-10 09:53:50
1429091756,"Where Authenticity Meets Assurance. Buy | Sell | Trade | Consign at House of Watches: Your Trusted Luxury Watch Dealer for Authentic Luxury Timepieces from Rolex, Audemars Piguet, Patek Philippe, Cartier, Tudor, Hublot, Vacheron Constantin and More",audemars piguet royal oak,"S$86,918,918",86918918.0,Brand new,9.0,,houseofwatches.sg,House of Watches Singapore,https://www.carousell.sg/u/houseofwatches.sg/,https://www.carousell.sg/p/1429091756,https://media.karousell.com/media/photos/products/2026/3/29/_our_authenticity_assurance_at_1774780823_5f88cfb9_progressive_thumbnail,https://media.karousell.com/media/photos/products/2026/3/29/_our_authenticity_assurance_at_1774780823_5f88cfb9_progressive_thumbnail,"Only the finest make it into our collection — Our collection features carefully sourced luxury timepieces, each undergoing strict authentication and selection to ensure authenticity, exceptional condition, and full documentation.

At House of Watches, excellence is at the heart of everything we do:
✅ Authenticity Assured – Every watch is verified for authenticity
✅ Meticulously Inspected – Checked for condition, servicing history and precision
✅ Fair & Transparent Pricing – Competitive market prices you can",2026-09-10 09:53:50
1416202728,100% Authentic Luxury Watches | Buy Sell Trade Consign with Ease | Licensed Dealer | House of Watches,audemars piguet royal oak,"S$86,918,918",86918918.0,Brand new,7.0,,houseofwatches.sg,House of Watches Singapore,https://www.carousell.sg/u/houseofwatches.sg/,https://www.carousell.sg/p/1416202728,https://media.karousell.com/media/photos/products/2026/1/17/100_authentic_luxury_watches___1768673042_98b5bc0d_progressive_thumbnail.jpg,https://media.karousell.com/media/photos/products/2026/1/17/100_authentic_luxury_watches___1768673042_98b5bc0d_progressive_thumbnail.jpg,"Visit our official website: 
www.houseofwatches.sg

We are located at: 
14 Scotts Road #04-146 Far East Plaza Singapore 228213
Open Daily, 1130am-730pm

We are honoured to be awarded the 2025 Carousell Specialist Award, a recognition given to sellers who consistently demonstrate professionalism, authenticity, transparency, and exceptional customer satisfaction.

We have built our reputation as one of Singapore’s most trusted House for Authentic Luxury Timepieces, backed by:

🏆 2025 Carousell Specialist Awar",2026-09-10 09:53:50
1447319713,[ 2017 ⚫ ] AP Diver 15710ST Royal Oak Offshore Black Dial 42mm Audemars Piguet ROO 15710,audemars piguet royal oak,"S$21,388",21388.0,Lightly used,49.0,,bayfort,BAYFORT PTE. LTD.,https://www.carousell.sg/u/bayfort/,https://www.carousell.sg/p/1447319713,https://media.karousell.com/media/photos/products/2026/7/3/_2017___ap_diver_15710st_royal_1783050462_77769de2_progressive_thumbnail.jpg,https://media.karousell.com/media/photos/products/2026/7/3/_2017___ap_diver_15710st_royal_1783050462_77769de2_progressive_thumbnail.jpg,"Subscribe to Bayfort Tele-gram Community for Exclusive Deals & Clearance Sales:
https://bayfort.sg/tg

Model: 15710ST
Dated: Jan 2017
Case Size: 42mm
Comes with: Full Set
Condition: Lightly Used Preowned Condition 

Original Box: Yes
Original Cert: Yes



————————

www.bayfort.sg

⭐ BAYFORT PTE. LTD. 
⭐ UEN: 202218480E 
⭐ PSPM License: PS20250000719
⭐ GST Reg. No.: 202218480E 

🏬 Shop Based:
371 Beach Road #B1-57
S199597 
City Gate Shoppes 

🕙 Operating Hours:
Mon - Sat 11am to 7pm
Closed on Sun

💵 Payment ",2026-09-10 09:53:50
1459523904,Audemars Piguet Royal Oak Chronograph Silver Dial 26240ST,audemars piguet royal oak,"S$63,888",63888.0,Like new,1.0,,cabiin7,cabiin,https://www.carousell.sg/u/cabiin7/,https://www.carousell.sg/p/1459523904,https://media.karousell.com/media/photos/products/2026/9/4/audemars_piguet_royal_oak_chro_1788494311_12454e20_progressive_thumbnail.jpg,https://media.karousell.com/media/photos/products/2026/9/4/audemars_piguet_royal_oak_chro_1788494311_12454e20_progressive_thumbnail.jpg,"-Mint condition 
-Full set
-Dated 2024, under warranty 
-Sticker applied",2026-09-10 09:53:50
1410559700,Mint Audemars Piguet Royal Oak Strap 26240OR.OO.D002CR.02 26240OR AP Black Dial Z19659 Mar 2024,audemars piguet royal oak,"S$85,900",85900.0,Lightly used,42.0,,watchexchange.sg,Watch Exchange,https://www.carousell.sg/u/watchexchange.sg/,https://www.carousell.sg/p/1410559700,https://media.karousell.com/media/photos/products/2026/9/5/mint_audemars_piguet_royal_oak_1788580890_eb1293ff_progressive_thumbnail,https://media.karousell.com/media/photos/products/2026/9/5/mint_audemars_piguet_royal_oak_1788580890_eb1293ff_progressive_thumbnail,"Mint Audemars Piguet Royal Oak Strap 26240OR.OO.D002CR.02 26240OR AP Black Dial Z19659 Mar 2024
Price: $85,900

Brand: Audemars Piguet
Model: 26240OR.OO.D002CR.02
Condition: Mint
Dial: Black
Case Diameter: 41mm
Material: Rose Gold
Original Box: Yes
Original Cert/Papers: Yes
Dated: Mar 2024
Warranty: Manufacturer's Warranty ending on Mar 2029
Remarks: Full Set

Available at Flagship Boutique, Far East Plaza #01-01

All prices are subject to change without notice
No reservation unless with agreed deposit.

--",2026-09-10 09:53:50
1460681243,2022 AP royal oak offshore chronograph smoke dial 26420SO.OO,audemars piguet royal oak,"S$38,600",38600.0,Well used,5.0,2026-09-09 15:18:51,sozbro,Marc,https://www.carousell.sg/u/sozbro/,https://www.carousell.sg/p/1460681243,https://media.karousell.com/media/photos/products/2026/9/9/ap_royal_oak_offshore_chronogr_1788967131_e87a0644_progressive_thumbnail.jpg,https://media.karousell.com/media/photos/products/2026/9/9/ap_royal_oak_offshore_chronogr_1788967131_e87a0644_progressive_thumbnail.jpg,"AP ROO 26420so.oo
Bought Aug 2022 from Switzerland.
Will provide copy of official receipt 
Dial: smoke
43mm
Box and papers full set + extra strap",2026-09-10 09:53:50
1455082031,Pre Owned Audemars Piguet Royal Oak Chrono 38 26315OR White Dial Automatic Rose Gold Casing Bracelet ( Aug 20 ),audemars piguet royal oak,"S$79,850",79850.0,Like new,56.0,,brightime,Brightime By Championtime,https://www.carousell.sg/u/brightime/,https://www.carousell.sg/p/1455082031,https://media.karousell.com/media/photos/products/2026/8/11/pre_owned_audemars_piguet_roya_1786453354_ff8c30dd_progressive_thumbnail.jpg,https://media.karousell.com/media/photos/products/2026/8/11/pre_owned_audemars_piguet_roya_1786453354_ff8c30dd_progressive_thumbnail.jpg,"Pre Owned Audemars Piguet Royal Oak Chrono 38 26315OR White Dial Automatic Rose Gold Casing Bracelet ( Aug 20 )

** Pre-Owned **

** Unpolished Set, Mint Condition **

Model : 26315OR.OO.1256OR.01
Also known as : Royal Oak Chronograph 38
Case size : 38mm
Dial : White Grande Tapisserie Dial With Luminous Baton Numerals Index & Sub Chrono Dial
Case metal : 18ct Rose Gold
Clasp/ Buckle Type : 18ct Rose Gold Folding Clasp
Case back : Solid
Bezel : 18ct Rose Gold
Strap/Bracelet : 18ct Rose Gold 
Movement type : ",2026-09-10 09:53:50
1460671452,Purple Dial💜AP 26240BC Royal Oak Chronograph “Domaine de Murtoli” White Gold 41mm | Complete Set Nov 2023,audemars piguet royal oak,"S$225,000",225000.0,Like new,2.0,2026-09-09 14:30:54,thewatchlounge,Watch Lounge X WatchCollective,https://www.carousell.sg/u/thewatchlounge/,https://www.carousell.sg/p/1460671452,https://media.karousell.com/media/photos/products/2026/9/9/purple_dialap_26240bc_royal_oa_1788964254_380190fb_progressive_thumbnail.jpg,https://media.karousell.com/media/photos/products/2026/9/9/purple_dialap_26240bc_royal_oa_1788964254_380190fb_progressive_thumbnail.jpg,"We have temporarily moved to 16 Tannery Lane, #01-01, Crystal Time Building, Singapore 347778

Purple Dial💜AP 26240BC Royal Oak Chronograph “Domaine de Murtoli” White Gold 41mm | Complete Set Nov 2023

Details:
• Model: AP Royal Oak Chronograph “Domaine de Murtoli” Purple Dial in White Gold Case 41mm 
• Reference: 26240BC.OO.1320BC.01
• Movement: Automatic
• Case: 18kt White Gold
• Strap/Bracelet: 18kt White Gold Bracelet and Purple Rubber Strap
• Condition: Like New
• Set: Complete Set | Nov 2023

Viewing:",2026-09-10 09:53:50
1388153211,LNIB Audemars Piguet Royal Oak Offshore Strap 26420CE.OO.A043VE.01 26420CE AP Blue Dial Z17485 Oct 2024,audemars piguet royal oak,"S$57,900",57900.0,Like new,44.0,,watchexchange.sg,Watch Exchange,https://www.carousell.sg/u/watchexchange.sg/,https://www.carousell.sg/p/1388153211,https://media.karousell.com/media/photos/products/2026/9/5/lnib_audemars_piguet_royal_oak_1788581196_20228ae1_progressive_thumbnail,https://media.karousell.com/media/photos/products/2026/9/5/lnib_audemars_piguet_royal_oak_1788581196_20228ae1_progressive_thumbnail,"LNIB Audemars Piguet Royal Oak Offshore Strap 26420CE.OO.A043VE.01 26420CE AP Blue Dial Z17485 Oct 2024
Price: $57,900

Brand: Audemars Piguet
Model: 26420CE.OO.A043VE.01
Condition: LNIB
Dial: Blue
Case Diameter: 43mm
Material: Ceramic
Original Box: Yes
Original Cert/Papers: Yes
Dated: Oct 2024
Warranty: Manufacturer's Warranty ending on Oct 2029
Remarks: Full Set, As good as new 9.9 condition

Available at Flagship Boutique, Far East Plaza #01-01

All prices are subject to change without notice
No reservat",2026-09-10 09:53:50
1384172732,LNIB Audemars Piguet Royal Oak Selfwinding Flying Tourbillon Extra-Thin RD#3 50th Anniversary Bracelet 26660ST.OO.1356ST.01 26660ST AP Purple Dial Z17008 Sep 2022,audemars piguet royal oak,"S$208,400",208400.0,Like new,112.0,,watchexchange.sg,Watch Exchange,https://www.carousell.sg/u/watchexchange.sg/,https://www.carousell.sg/p/1384172732,https://media.karousell.com/media/photos/products/2026/9/3/lnib_audemars_piguet_royal_oak_1788428665_b400eb11_progressive_thumbnail,https://media.karousell.com/media/photos/products/2026/9/3/lnib_audemars_piguet_royal_oak_1788428665_b400eb11_progressive_thumbnail,"LNIB Audemars Piguet Royal Oak Selfwinding Flying Tourbillon Extra-Thin RD#3 50th Anniversary Bracelet 26660ST.OO.1356ST.01 26660ST AP Purple Dial Z17008 Sep 2022
Price: $208,400

Brand: Audemars Piguet
Model: 26660ST.OO.1356ST.01
Condition: LNIB
Dial: Purple
Case Diameter: 37mm
Material: Stainless Steel
Original Box: Yes
Original Cert/Papers: Yes
Dated: Sep 2022
Warranty: Manufacturer's Warranty ending on Sep 2027 / 1 Year Warranty by Watchlab Singapore
Remarks: Full Set, 50th Anniversary

Available at Fla",2026-09-10 09:53:50
1460647498,"Zenith Port Royal Grand Brown Open Chronograph El Primero (Welcome trades with Omega, IWC, Hublot, Cartier, Panerai, Tudor, Audemars Piguet, Patek Philippe, Richard Mille)",audemars piguet royal oak,"S$4,280",4280.0,Well used,2.0,2026-09-09 12:47:19,internationalluxurysg,International Luxury,https://www.carousell.sg/u/internationalluxurysg/,https://www.carousell.sg/p/1460647498,https://media.karousell.com/media/photos/products/2026/9/9/zenith_1788958039_82e28d46_progressive_thumbnail.jpg,https://media.karousell.com/media/photos/products/2026/9/9/zenith_1788958039_82e28d46_progressive_thumbnail.jpg,"Watch details:
•Watch & ""temporary"" cert. 

Welcome certain trades.
Please offer what you've got.

Shop-based, by appointment only. 
14 Scotts Road, Far East Plaza
Contact 9685 8955 to arrange

Payment mode accepted:
•Paynow
•Local SG Credit cards + 2.8%

Follow us @: 
1. Tele-gram: International Luxury
2. Website: www.internationalluxury.sg",2026-09-10 09:53:50
1453447802,Audemars Piguet Royal Oak,audemars piguet royal oak,S$300,300.0,Brand new,37.0,,nubzekrom14430,zekrom,https://www.carousell.sg/u/nubzekrom14430/,https://www.carousell.sg/p/1453447802,https://media.karousell.com/media/photos/products/2026/8/3/audemars_piguet_royal_oak_1785725539_8ec05470_progressive_thumbnail.jpg,https://media.karousell.com/media/photos/products/2026/8/3/audemars_piguet_royal_oak_1785725539_8ec05470_progressive_thumbnail.jpg,"Audemars Piguet 41MM Royal Oak

-dm for more info
-all models available + other brands
-price reflects authenticity 
-free shipping included",2026-09-10 09:53:50
1454657964,Royal Oak Silver colored/18 carat red gold Ø34 mm,audemars piguet royal oak,"S$48,688",48688.0,Like new,7.0,2026-09-09 12:19:06,only4richs,,https://www.carousell.sg/u/only4richs/,https://www.carousell.sg/p/1454657964,https://media.karousell.com/media/photos/products/2026/8/9/royal_oak_silver_colored18_car_1786268727_8d9aeb62_progressive_thumbnail.jpg,https://media.karousell.com/media/photos/products/2026/8/9/royal_oak_silver_colored18_car_1786268727_8d9aeb62_progressive_thumbnail.jpg,"Model : 77350SR.OO.1261SR.01
Like new & unworn
Original box, original papers
Selfwinding 34mm 
Stainless Steel & Red Gold White Dial 77350SR
Full set 
No dealar, no low ball pls",2026-09-10 09:53:50
1360006176,"Rolex, Audemars Piguet, Patek Philippe, Cartier, Tudor, Vacheron Constantin and many more Timepieces Wide Variety Ready in our Boutique at House of Watches Singapore",audemars piguet royal oak,"S$86,918,918",86918918.0,Brand new,42.0,,houseofwatches.sg,House of Watches Singapore,https://www.carousell.sg/u/houseofwatches.sg/,https://www.carousell.sg/p/1360006176,https://media.karousell.com/media/photos/products/2025/3/23/rolex_audemars_piguet_patek_ph_1742743247_b33bbf7d_progressive_thumbnail.jpg,https://media.karousell.com/media/photos/products/2025/3/23/rolex_audemars_piguet_patek_ph_1742743247_b33bbf7d_progressive_thumbnail.jpg,"Find your perfect luxury watch today at House of Watches!

Follow us for our latest promotions and updates:
https://linktr.ee/houseofwatches.sg

Unparalleled Excellence in Luxury Watches
Built on Trust
With an unwavering commitment to excellence, we’ve garnered more than 600+ 5-star reviews on Google and across various platforms.

Competitive pricing
We offer the best market prices, continuously monitored and adjusted to ensure you get the best value for your luxury watch.

Committed to Transparency and Leg",2026-09-10 09:53:50
1446615047,Audemars Piguet 26240ST Royal Oak Selfwinding Chronograph Blue (Oct 25),audemars piguet royal oak,"S$80,888",80888.0,Lightly used,8.0,,thewatchvault,The Watch Vault,https://www.carousell.sg/u/thewatchvault/,https://www.carousell.sg/p/1446615047,https://media.karousell.com/media/photos/products/2026/6/29/audemars_piguet_26240st_royal__1782721622_30f70c6e_progressive_thumbnail,https://media.karousell.com/media/photos/products/2026/6/29/audemars_piguet_26240st_royal__1782721622_30f70c6e_progressive_thumbnail,"Condition: Pre-Owned
Brand: Audemars Piguet 
Reference: 26240ST.OO.1320ST.05
Model: Royal Oak Selfwinding Chronograph 
Material: Stainless Steel 
Dial: Bleu Nuit Nuage 50 with Grande Tapisserie
Series: NA
Box/Papers: Yes
Warranty Date: 10/2025
Remarks: 
Price: $80,888",2026-09-10 09:53:50
0,ap_promo_luxury,audemars piguet royal oak,,,Unknown,,,,,,https://www.carousell.sg/p/0,https://sl3-cdn.karousell.com/components/sg_certified-new-serp_dwebx4-lux.jpg,https://sl3-cdn.karousell.com/components/sg_certified-new-serp_dwebx4-lux.jpg,,2026-09-10 09:53:50
1449154287,Almost New 2023 Audemars Piguet Royal Oak Offshore 43 Blue 15600TI Music Edition 15600 AP Blue Titanium,audemars piguet royal oak,"S$55,950",55950.0,Like new,9.0,,houseofwatches.sg,House of Watches Singapore,https://www.carousell.sg/u/houseofwatches.sg/,https://www.carousell.sg/p/1449154287,https://media.karousell.com/media/photos/products/2026/7/15/almost_new_2023_audemars_pigue_1784100550_b87595dd_progressive_thumbnail,https://media.karousell.com/media/photos/products/2026/7/15/almost_new_2023_audemars_pigue_1784100550_b87595dd_progressive_thumbnail,"Stay connected with House of Watches! 

Almost New 2023 Audemars Piguet Royal Oak Offshore 43 Blue 15600TI Music Edition

Our Price: $55,950

SKU: HS23232
Brand: Audemars Piguet
Reference: 15600TI.OO.A343CA.01 
Condition: Almost New
Dated: July 2023
Dial: Blue with Printed UV Meter
Material: Titanium
Case Diameter: 43mm
Bezel: Titanium
Original Box: Yes
Original Warranty Certificate / Card: Yes
Additional Details: Complete Full Set, Limited Edition of 500 pieces, Additional Original 3 AP Ru",2026-09-10 09:53:50
1453865177,Brand New 2023 Audemars Piguet Royal Oak 34 Black Ceramic 77350CE 77350 AP Black Ceramic,audemars piguet royal oak,"S$68,550",68550.0,Brand new,21.0,,houseofwatches.sg,House of Watches Singapore,https://www.carousell.sg/u/houseofwatches.sg/,https://www.carousell.sg/p/1453865177,https://media.karousell.com/media/photos/products/2026/8/5/brand_new_2023_audemars_piguet_1785910115_7de6f9d2_progressive_thumbnail,https://media.karousell.com/media/photos/products/2026/8/5/brand_new_2023_audemars_piguet_1785910115_7de6f9d2_progressive_thumbnail,"Stay connected with House of Watches! 

Brand New 2023 Audemars Piguet Royal Oak 34 Black Ceramic 77350CE 

Our Price: $68,550

SKU: HS24152
Brand: Audemars Piguet
Reference: 77350CE.OO.1266CE.03.A
Condition: Brand New
Dated: September 2023
Dial: Black
Material: Ceramic
Case Diameter: 34mm
Bezel: Ceramic
Original Box: Yes
Original Warranty Certificate / Card: Yes
Additional Details: Complete Full Set, Original Retail Price: $82,900
Warranty Coverage: Audemars Piguet International 5 Years W",2026-09-10 09:53:50
1449434245,Almost New 2024 Audemars Piguet Royal Oak 41 Khaki Green 15510ST 15510 AP Green,audemars piguet royal oak,"S$62,950",62950.0,Like new,31.0,,houseofwatches.sg,House of Watches Singapore,https://www.carousell.sg/u/houseofwatches.sg/,https://www.carousell.sg/p/1449434245,https://media.karousell.com/media/photos/products/2026/7/21/almost_new_2024_audemars_pigue_1784617688_4ecaa023_progressive_thumbnail,https://media.karousell.com/media/photos/products/2026/7/21/almost_new_2024_audemars_pigue_1784617688_4ecaa023_progressive_thumbnail,"Stay connected with House of Watches! 

Almost New 2024 Audemars Piguet Royal Oak 41 Khaki Green 15510ST

Our Price: $62,950

SKU: HS23695
Brand: Audemars Piguet
Reference: 15510ST.OO.1320ST.09  
Condition: Almost New
Dated: March 2024
Dial: Khaki Green
Material: Stainless Steel
Case Diameter: 41mm
Bezel: Stainless Steel
Original Box: Yes
Original Warranty Certificate / Card: Yes
Additional Details: Complete Full Set, Unpolished, As Good As New Condition
Warranty Coverage: Audemars Piguet ",2026-09-10 09:53:50
1438334963,"Very Good Condition 2022 Audemars Piguet Royal Oak ""Jumbo"" Extra-Thin 39 Smoked Yellow Gold 16202BA ""50th Anniversary"" 16202 AP Yellow Gold",audemars piguet royal oak,"S$169,950",169950.0,Like new,44.0,,houseofwatches.sg,House of Watches Singapore,https://www.carousell.sg/u/houseofwatches.sg/,https://www.carousell.sg/p/1438334963,https://media.karousell.com/media/photos/products/2026/5/17/very_good_condition_2022_audem_1778990637_7dd77f6c_progressive_thumbnail,https://media.karousell.com/media/photos/products/2026/5/17/very_good_condition_2022_audem_1778990637_7dd77f6c_progressive_thumbnail,"Stay connected with House of Watches! 

Very Good Condition 2022 Audemars Piguet Royal Oak ""Jumbo"" Extra-Thin 39 Smoked Yellow Gold 16202BA ""50th Anniversary""

Our Price: $169,950

SKU: JS20303
Brand: Audemars Piguet
Reference: 16202BA.OO.1240BA.01
Condition: Very Good 
Dated: July 2022
Dial: Smoked Yellow
Material: Yellow Gold
Case Diameter: 39mm
Bezel: Yellow Gold
Original Box: Yes
Original Warranty Certificate / Card: Yes
Additional Details: Complete Full Set, Covered with Protective Film, 50th Anniversa",2026-09-10 09:53:50
1447914413,Brand New March 2026 Audemars Piguet Royal Oak 37 Blue 15551OR 15551 AP Blue Rose Gold,audemars piguet royal oak,"S$123,350",123350.0,Brand new,10.0,,houseofwatches.sg,House of Watches Singapore,https://www.carousell.sg/u/houseofwatches.sg/,https://www.carousell.sg/p/1447914413,https://media.karousell.com/media/photos/products/2026/7/6/brand_new_march_2026_audemars__1783310886_832942dd_progressive_thumbnail,https://media.karousell.com/media/photos/products/2026/7/6/brand_new_march_2026_audemars__1783310886_832942dd_progressive_thumbnail,"Stay connected with House of Watches! 

Brand New March 2026 Audemars Piguet Royal Oak 37 Blue 15551OR

Our Price: $123,350

SKU: HS23481
Brand: Audemars Piguet
Reference: 15551OR.ZZ.1356OR.05
Condition: Brand New
Dated: March 2026
Dial: Blue Nuit
Material: Rose Gold
Case Diameter: 37mm
Bezel: Original Factory Diamonds
Original Box: Yes
Original Warranty Certificate / Card: Yes
Additional Details: Complete Full Set
Warranty Coverage: Audemars Piguet International 5 Years Warranty valid till March 2031

We a",2026-09-10 09:53:50
1392758373,Best Valuation - Buy All Rolex Daytona 116500LN 126500LN 116519LN 126519LN 116518LN 126518LN 116515LN 126515LN 116503 126503 116505 126505 116508 126508 116505 126505 116506 126506 Panda Godzilla John Mayer,audemars piguet royal oak,"S$888,888",888888.0,Brand new,14.0,,timesavenuesg,Times Avenue,https://www.carousell.sg/u/timesavenuesg/,https://www.carousell.sg/p/1392758373,https://media.karousell.com/media/photos/products/2025/9/15/best_valuation__buy_all_rolex__1757922334_ee9e1dc0_progressive_thumbnail,https://media.karousell.com/media/photos/products/2025/9/15/best_valuation__buy_all_rolex__1757922334_ee9e1dc0_progressive_thumbnail,"Times Avenue is Buying Rolex Daytona (New or Used)!

Looking to sell your Rolex Daytona Get the highest valuation and a fast, hassle-free deal with Times Avenue, a licensed and trusted watch dealer in Singapore.

Why sell to Times Avenue?

✅ Highest market valuation

✅ 1,000+ positive reviews – trusted source

✅ Fast deal with instant PayNow / cash

✅ Hassle-free & reliable process

✅ Instant non-obligation quote in 10 minutes

✅ Discreet selling & responsible advertising

✅ Export options",2026-09-10 09:53:50
1392757832,Best Valuation - Buy All Rolex GMT Master II 116710LN 116710BLNR 126710BLNR 126710BLRO 126711CHNR 116713LN 126713GRNR 126711CHNR 126715CHNR 126719BLRO 126710GRNR 126718GRNR Bruce Wayne Rootbeer Pepsi Batman Batgirl Guinness,audemars piguet royal oak,"S$888,888",888888.0,Brand new,5.0,,timesavenuesg,Times Avenue,https://www.carousell.sg/u/timesavenuesg/,https://www.carousell.sg/p/1392757832,https://media.karousell.com/media/photos/products/2025/9/15/best_valuation__buy_all_rolex__1757922174_79b41eef_progressive_thumbnail,https://media.karousell.com/media/photos/products/2025/9/15/best_valuation__buy_all_rolex__1757922174_79b41eef_progressive_thumbnail,"Times Avenue is Buying Rolex GMT Master II (New or Used)!

Looking to sell your Rolex GMT Master II? Get the highest valuation and a fast, hassle-free deal with Times Avenue, a licensed and trusted watch dealer in Singapore.

Why sell to Times Avenue?

✅ Highest market valuation

✅ 1,000+ positive reviews – trusted source

✅ Fast deal with instant PayNow / cash

✅ Hassle-free & reliable process

✅ Instant non-obligation quote in 10 minutes

✅ Discreet selling & responsible advertising

✅ E",2026-09-10 09:53:50
1392758779,Best Valuation - Buy All Rolex Submariner 114060 116610LN 116610LV 116613LN 116613LB 124060 126610LN 126610LV 126613LN 126613LB 126618LN 126618LB 116619LB 126619LB Hulk Bluesy Sunburst Cookie Monster,audemars piguet royal oak,"S$888,888",888888.0,Brand new,10.0,,timesavenuesg,Times Avenue,https://www.carousell.sg/u/timesavenuesg/,https://www.carousell.sg/p/1392758779,https://media.karousell.com/media/photos/products/2025/9/15/best_valuation__buy_all_rolex__1757922451_33787cd1_progressive_thumbnail,https://media.karousell.com/media/photos/products/2025/9/15/best_valuation__buy_all_rolex__1757922451_33787cd1_progressive_thumbnail,"Times Avenue is Buying Rolex Submariner (New or Used)!

Looking to sell your Rolex Submariner? Get the highest valuation and a fast, hassle-free deal with Times Avenue, a licensed and trusted watch dealer in Singapore.

Why sell to Times Avenue?

✅ Highest market valuation

✅ 1,000+ positive reviews – trusted source

✅ Fast deal with instant PayNow / cash

✅ Hassle-free & reliable process

✅ Instant non-obligation quote in 10 minutes

✅ Discreet selling & responsible advertising

✅ Export ",2026-09-10 09:53:50
47532844,Audemars Piguet Royal Oak Jumbo - Extra-Thin,audemars piguet royal oak,"S$90,001",90001.0,Pre-Owned / New (See Listing),0.0,,Private Seller,Chrono24 Seller (AE),https://www.chrono24.sg,https://www.chrono24.sg/audemarspiguet/audemars-piguet-royal-oak-jumbo-extra-thin--id47532844.htm,https://img.chrono24.com/images/uhren/47532844-pr5nuejohrxbxdpteuc0hmy4-Square280.jpg,https://img.chrono24.com/images/uhren/47532844-pr5nuejohrxbxdpteuc0hmy4-Square280.jpg,Listed on Chrono24 (AE). Seller: Private Seller,2026-09-10 09:53:57
46323404,Audemars Piguet Royal Oak - Skeleton Full Set Excellent Condition 39MM Open Worked,audemars piguet royal oak,"S$174,820",174820.0,Pre-Owned / New (See Listing),0.0,,Dealer / Seller,Chrono24 Seller (US),https://www.chrono24.sg,https://www.chrono24.sg/audemarspiguet/audemars-piguet-royal-oak-skeleton--id46323404.htm,https://img.chrono24.com/images/uhren/46323404-fr6g431tlus6wctzb238yoiq-Square280.jpg,https://img.chrono24.com/images/uhren/46323404-fr6g431tlus6wctzb238yoiq-Square280.jpg,Listed on Chrono24 (US). Seller: Dealer / Seller,2026-09-10 09:53:57
43425808,Audemars Piguet Royal Oak - Automatic configurazione bicolore acciaio e oro giallo 18 kt full set,audemars piguet royal oak,"S$17,352",17352.0,Pre-Owned / New (See Listing),0.0,,Private Seller,Chrono24 Seller (IT),https://www.chrono24.sg,https://www.chrono24.sg/audemarspiguet/royal-oak-automatic--id43425808.htm,https://img.chrono24.com/images/uhren/43425808-y7v6c380nu6c3bsdbpq0gr93-Square280.jpg,https://img.chrono24.com/images/uhren/43425808-y7v6c380nu6c3bsdbpq0gr93-Square280.jpg,Listed on Chrono24 (IT). Seller: Private Seller,2026-09-10 09:53:57
47820454,Audemars Piguet Royal Oak - MINT COMPLETE SET Royal Oak Selfwinding 41mm Black Dial Stainless Steel 15400ST,audemars piguet royal oak,"S$54,842",54842.0,Pre-Owned / New (See Listing),0.0,,Dealer / Seller,Chrono24 Seller (US),https://www.chrono24.sg,https://www.chrono24.sg/audemarspiguet/audemars-piguet-mint-complete-set-royal-oak-selfwinding-41mm-black-dial-stainless-steel-15400st--id47820454.htm,https://img.chrono24.com/images/uhren/47820454-w45yn1hicx4cv8z61178m3in-Square280.jpg,https://img.chrono24.com/images/uhren/47820454-w45yn1hicx4cv8z61178m3in-Square280.jpg,Listed on Chrono24 (US). Seller: Dealer / Seller,2026-09-10 09:53:57
38609578,Audemars Piguet Royal Oak - Full set grey dial. December 2021,audemars piguet royal oak,"S$52,690",52690.0,Pre-Owned / New (See Listing),0.0,,Private Seller,Chrono24 Seller (UK),https://www.chrono24.sg,https://www.chrono24.sg/audemarspiguet/royal-oak--id38609578.htm,https://img.chrono24.com/images/uhren/38609578-x3t0yxcpqe1810eccf9q2x1a-Square280.jpg,https://img.chrono24.com/images/uhren/38609578-x3t0yxcpqe1810eccf9q2x1a-Square280.jpg,Listed on Chrono24 (UK). Seller: Private Seller,2026-09-10 09:53:57
42567967,Audemars Piguet Royal Oak - Vintage Royal Oak 4100ST,audemars piguet royal oak,"S$37,419",37419.0,Pre-Owned / New (See Listing),0.0,,Private Seller,Chrono24 Seller (DE),https://www.chrono24.sg,https://www.chrono24.sg/audemarspiguet/royal-oak--id42567967.htm,https://img.chrono24.com/images/uhren/o54tf68841oc-80ozu4oum7rb3ub3rq2oj4lz-Square280.jpg,https://img.chrono24.com/images/uhren/o54tf68841oc-80ozu4oum7rb3ub3rq2oj4lz-Square280.jpg,Listed on Chrono24 (DE). Seller: Private Seller,2026-09-10 09:53:57
47645554,Audemars Piguet Royal Oak - Lady fullset,audemars piguet royal oak,"S$36,828",36828.0,Pre-Owned / New (See Listing),0.0,,Dealer / Seller,Chrono24 Seller (KR),https://www.chrono24.sg,https://www.chrono24.sg/audemarspiguet/audemars-piguet-royal-oak-lady--id47645554.htm,https://img.chrono24.com/images/uhren/47645554-6qjpex04o1wdmpeg98uwhoro-Square280.jpg,https://img.chrono24.com/images/uhren/47645554-6qjpex04o1wdmpeg98uwhoro-Square280.jpg,Listed on Chrono24 (KR). Seller: Dealer / Seller,2026-09-10 09:53:57
46467753,Audemars Piguet Royal Oak - Box & Service Card 2015 AP Royal Oak 15400ST.00.1220ST.02,audemars piguet royal oak,"S$40,394",40394.0,Pre-Owned / New (See Listing),0.0,,Private Seller,Chrono24 Seller (UK),https://www.chrono24.sg,https://www.chrono24.sg/audemarspiguet/royal-oak--id46467753.htm,https://img.chrono24.com/images/uhren/0lu4pgfjfiji-7r6fgv9uej8jwszu2mdt5n7s-Square280.jpg,https://img.chrono24.com/images/uhren/0lu4pgfjfiji-7r6fgv9uej8jwszu2mdt5n7s-Square280.jpg,Listed on Chrono24 (UK). Seller: Private Seller,2026-09-10 09:53:57
47491353,Audemars Piguet Royal Oak - 15450ST.OO.1256ST.03,audemars piguet royal oak,"S$58,832",58832.0,Pre-Owned / New (See Listing),0.0,,Private Seller,Chrono24 Seller (DE),https://www.chrono24.sg,https://www.chrono24.sg/audemarspiguet/royal-oak--id47491353.htm,https://img.chrono24.com/images/uhren/xi5pfjzl97n4-48g0w63gaueosnnp2znb1j4k-Square280.jpg,https://img.chrono24.com/images/uhren/xi5pfjzl97n4-48g0w63gaueosnnp2znb1j4k-Square280.jpg,Listed on Chrono24 (DE). Seller: Private Seller,2026-09-10 09:53:57
47632468,Audemars Piguet Royal Oak - 18K yellow gold quartz 33mm 56175BA,audemars piguet royal oak,"S$42,768",42768.0,Pre-Owned / New (See Listing),0.0,,Dealer / Seller,Chrono24 Seller (SG),https://www.chrono24.sg,https://www.chrono24.sg/audemarspiguet/audemars-piguet-royal-oak-18k-yellow-gold-quartz-33mm-56175ba--id47632468.htm,https://img.chrono24.com/images/uhren/47632468-t1d3e9ege19lp9ehcx2ojgsm-Square280.jpg,https://img.chrono24.com/images/uhren/47632468-t1d3e9ege19lp9ehcx2ojgsm-Square280.jpg,Listed on Chrono24 (SG). Seller: Dealer / Seller,2026-09-10 09:53:57
45059109,Audemars Piguet Royal Oak - Selfwinding Box/Papers Excellent Condition,audemars piguet royal oak,"S$53,094",53094.0,Pre-Owned / New (See Listing),0.0,,Dealer / Seller,Chrono24 Seller (US),https://www.chrono24.sg,https://www.chrono24.sg/audemarspiguet/royal-oak-selfwinding--id45059109.htm,"data:image/svg+xml,%3Csvg xmlns=""http://www.w3.org/2000/svg"" viewBox=""0 0 1 1""%3E%3C/svg%3E","data:image/svg+xml,%3Csvg xmlns=""http://www.w3.org/2000/svg"" viewBox=""0 0 1 1""%3E%3C/svg%3E",Listed on Chrono24 (US). Seller: Dealer / Seller,2026-09-10 09:53:57
46762892,Audemars Piguet Royal Oak - Chronograph Extract from Archives. Complete Maintenance Refinishing 2026,audemars piguet royal oak,"S$42,734",42734.0,Pre-Owned / New (See Listing),0.0,,Private Seller,Chrono24 Seller (US),https://www.chrono24.sg,https://www.chrono24.sg/audemarspiguet/royal-oak-chronograph--id46762892.htm,"data:image/svg+xml,%3Csvg xmlns=""http://www.w3.org/2000/svg"" viewBox=""0 0 1 1""%3E%3C/svg%3E","data:image/svg+xml,%3Csvg xmlns=""http://www.w3.org/2000/svg"" viewBox=""0 0 1 1""%3E%3C/svg%3E",Listed on Chrono24 (US). Seller: Private Seller,2026-09-10 09:53:57
47798063,Audemars Piguet Royal Oak - Lady,audemars piguet royal oak,"S$17,956",17956.0,Pre-Owned / New (See Listing),0.0,,Dealer / Seller,Chrono24 Seller (DE),https://www.chrono24.sg,https://www.chrono24.sg/audemarspiguet/audemars-piguet-royal-oak-lady--id47798063.htm,"data:image/svg+xml,%3Csvg xmlns=""http://www.w3.org/2000/svg"" viewBox=""0 0 1 1""%3E%3C/svg%3E","data:image/svg+xml,%3Csvg xmlns=""http://www.w3.org/2000/svg"" viewBox=""0 0 1 1""%3E%3C/svg%3E",Listed on Chrono24 (DE). Seller: Dealer / Seller,2026-09-10 09:53:57
44959583,Audemars Piguet Royal Oak - Lady Ref. 67600ST,audemars piguet royal oak,"S$16,636",16636.0,Pre-Owned / New (See Listing),0.0,,Dealer / Seller,Chrono24 Seller (IT),https://www.chrono24.sg,https://www.chrono24.sg/audemarspiguet/royal-oak-lady-ref-67600st--id44959583.htm,"data:image/svg+xml,%3Csvg xmlns=""http://www.w3.org/2000/svg"" viewBox=""0 0 1 1""%3E%3C/svg%3E","data:image/svg+xml,%3Csvg xmlns=""http://www.w3.org/2000/svg"" viewBox=""0 0 1 1""%3E%3C/svg%3E",Listed on Chrono24 (IT). Seller: Dealer / Seller,2026-09-10 09:53:57
47751936,Audemars Piguet Royal Oak - 15400ST White Dial Complete with Box/Papers,audemars piguet royal oak,"S$49,205",49205.0,Pre-Owned / New (See Listing),0.0,,Dealer / Seller,Chrono24 Seller (US),https://www.chrono24.sg,https://www.chrono24.sg/audemarspiguet/royal-oak-15400st-white-dial-complete-with-boxpapers--id47751936.htm,"data:image/svg+xml,%3Csvg xmlns=""http://www.w3.org/2000/svg"" viewBox=""0 0 1 1""%3E%3C/svg%3E","data:image/svg+xml,%3Csvg xmlns=""http://www.w3.org/2000/svg"" viewBox=""0 0 1 1""%3E%3C/svg%3E",Listed on Chrono24 (US). Seller: Dealer / Seller,2026-09-10 09:53:57
44639959,Audemars Piguet Royal Oak - 66800/009 Two-Tone 1990s,audemars piguet royal oak,"S$12,671",12671.0,Pre-Owned / New (See Listing),0.0,,Dealer / Seller,Chrono24 Seller (US),https://www.chrono24.sg,https://www.chrono24.sg/audemarspiguet/audemars-piguet-royal-oak-66800009--id44639959.htm,"data:image/svg+xml,%3Csvg xmlns=""http://www.w3.org/2000/svg"" viewBox=""0 0 1 1""%3E%3C/svg%3E","data:image/svg+xml,%3Csvg xmlns=""http://www.w3.org/2000/svg"" viewBox=""0 0 1 1""%3E%3C/svg%3E",Listed on Chrono24 (US). Seller: Dealer / Seller,2026-09-10 09:53:57
47731972,Audemars Piguet Royal Oak - 2014 15400ST,audemars piguet royal oak,"S$42,410",42410.0,Pre-Owned / New (See Listing),0.0,,Dealer / Seller,Chrono24 Seller (US),https://www.chrono24.sg,https://www.chrono24.sg/audemarspiguet/royal-oak--id47731972.htm,"data:image/svg+xml,%3Csvg xmlns=""http://www.w3.org/2000/svg"" viewBox=""0 0 1 1""%3E%3C/svg%3E","data:image/svg+xml,%3Csvg xmlns=""http://www.w3.org/2000/svg"" viewBox=""0 0 1 1""%3E%3C/svg%3E",Listed on Chrono24 (US). Seller: Dealer / Seller,2026-09-10 09:53:57
47416844,Audemars Piguet Royal Oak - Automatic Lady Audemars Piguet Royal Oak Ref. 8638BA Gelbgold 750/18K 29 mm,audemars piguet royal oak,"S$32,894",32894.0,Pre-Owned / New (See Listing),0.0,,Dealer / Seller,Chrono24 Seller (DE),https://www.chrono24.sg,https://www.chrono24.sg/audemarspiguet/audemars-piguet-royal-oak-automatic-lady--id47416844.htm,"data:image/svg+xml,%3Csvg xmlns=""http://www.w3.org/2000/svg"" viewBox=""0 0 1 1""%3E%3C/svg%3E","data:image/svg+xml,%3Csvg xmlns=""http://www.w3.org/2000/svg"" viewBox=""0 0 1 1""%3E%3C/svg%3E",Listed on Chrono24 (DE). Seller: Dealer / Seller,2026-09-10 09:53:57
46921350,Audemars Piguet Royal Oak - Chronograph Audemars Piguet Royal Oak Chronograph 26331ST Blue,audemars piguet royal oak,"S$62,619",62619.0,Pre-Owned / New (See Listing),0.0,,Dealer / Seller,Chrono24 Seller (DE),https://www.chrono24.sg,https://www.chrono24.sg/audemarspiguet/royal-oak-chronograph--id46921350.htm,"data:image/svg+xml,%3Csvg xmlns=""http://www.w3.org/2000/svg"" viewBox=""0 0 1 1""%3E%3C/svg%3E","data:image/svg+xml,%3Csvg xmlns=""http://www.w3.org/2000/svg"" viewBox=""0 0 1 1""%3E%3C/svg%3E",Listed on Chrono24 (DE). Seller: Dealer / Seller,2026-09-10 09:53:57
47322340,Audemars Piguet Royal Oak - NEW 2022 26735ST Royal Oak 41mm Flying Tourbillon Openworked Skelly 50th Anniversary,audemars piguet royal oak,"S$349,643",349643.0,Pre-Owned / New (See Listing),0.0,,Dealer / Seller,Chrono24 Seller (US),https://www.chrono24.sg,https://www.chrono24.sg/audemarspiguet/audemars-piguet-new-2022-26735st-royal-oak-41mm--id47322340.htm,"data:image/svg+xml,%3Csvg xmlns=""http://www.w3.org/2000/svg"" viewBox=""0 0 1 1""%3E%3C/svg%3E","data:image/svg+xml,%3Csvg xmlns=""http://www.w3.org/2000/svg"" viewBox=""0 0 1 1""%3E%3C/svg%3E",Listed on Chrono24 (US). Seller: Dealer / Seller,2026-09-10 09:53:57
46359828,Audemars Piguet Royal Oak - Lady Factory Diamond Bezel,audemars piguet royal oak,"S$31,444",31444.0,Pre-Owned / New (See Listing),0.0,,Dealer / Seller,Chrono24 Seller (UK),https://www.chrono24.sg,https://www.chrono24.sg/audemarspiguet/royal-oak-lady--id46359828.htm,"data:image/svg+xml,%3Csvg xmlns=""http://www.w3.org/2000/svg"" viewBox=""0 0 1 1""%3E%3C/svg%3E","data:image/svg+xml,%3Csvg xmlns=""http://www.w3.org/2000/svg"" viewBox=""0 0 1 1""%3E%3C/svg%3E",Listed on Chrono24 (UK). Seller: Dealer / Seller,2026-09-10 09:53:57
47643062,Audemars Piguet Royal Oak Double Balance Wheel Openworked - 15407ST.OO.1220ST.01,audemars piguet royal oak,"S$226,620",226620.0,Pre-Owned / New (See Listing),0.0,,Dealer / Seller,Chrono24 Seller (US),https://www.chrono24.sg,https://www.chrono24.sg/audemarspiguet/audemars-piguet-royal-oak-double-balance-wheel-openworked--id47643062.htm,"data:image/svg+xml,%3Csvg xmlns=""http://www.w3.org/2000/svg"" viewBox=""0 0 1 1""%3E%3C/svg%3E","data:image/svg+xml,%3Csvg xmlns=""http://www.w3.org/2000/svg"" viewBox=""0 0 1 1""%3E%3C/svg%3E",Listed on Chrono24 (US). Seller: Dealer / Seller,2026-09-10 09:53:57
44312276,Audemars Piguet Royal Oak - Selfwinding 41mm Stainless Steel Blue Dial 15400ST,audemars piguet royal oak,"S$61,511",61511.0,Pre-Owned / New (See Listing),0.0,,Dealer / Seller,Chrono24 Seller (US),https://www.chrono24.sg,https://www.chrono24.sg/audemarspiguet/audemars-piguet-royal-oak-selfwinding-41mm-stainless-steel-blue-dial-15400st--id44312276.htm,"data:image/svg+xml,%3Csvg xmlns=""http://www.w3.org/2000/svg"" viewBox=""0 0 1 1""%3E%3C/svg%3E","data:image/svg+xml,%3Csvg xmlns=""http://www.w3.org/2000/svg"" viewBox=""0 0 1 1""%3E%3C/svg%3E",Listed on Chrono24 (US). Seller: Dealer / Seller,2026-09-10 09:53:57
47697663,Audemars Piguet Royal Oak - 39mm - Blue Dial - Ref 15300ST.OO.1220ST.02,audemars piguet royal oak,"S$55,679",55679.0,Pre-Owned / New (See Listing),0.0,,Dealer / Seller,Chrono24 Seller (IT),https://www.chrono24.sg,https://www.chrono24.sg/audemarspiguet/audemars-piguet-royal-oak-39mm---blue-dial---ref-15300stoo1220st02--id47697663.htm,"data:image/svg+xml,%3Csvg xmlns=""http://www.w3.org/2000/svg"" viewBox=""0 0 1 1""%3E%3C/svg%3E","data:image/svg+xml,%3Csvg xmlns=""http://www.w3.org/2000/svg"" viewBox=""0 0 1 1""%3E%3C/svg%3E",Listed on Chrono24 (IT). Seller: Dealer / Seller,2026-09-10 09:53:57
47848013,Audemars Piguet Royal Oak - Lady Iced Out + CERTIFIED,audemars piguet royal oak,"S$33,950",33950.0,Pre-Owned / New (See Listing),0.0,,Dealer / Seller,Chrono24 Seller (PL),https://www.chrono24.sg,https://www.chrono24.sg/audemarspiguet/audemars-piguet-audemars-piguet-royal-oak-lady-iced-out--certified--id47848013.htm,"data:image/svg+xml,%3Csvg xmlns=""http://www.w3.org/2000/svg"" viewBox=""0 0 1 1""%3E%3C/svg%3E","data:image/svg+xml,%3Csvg xmlns=""http://www.w3.org/2000/svg"" viewBox=""0 0 1 1""%3E%3C/svg%3E",Listed on Chrono24 (PL). Seller: Dealer / Seller,2026-09-10 09:53:57
39210640,Audemars Piguet Royal Oak - Alinghi mit Zertifikat Limited Edition,audemars piguet royal oak,"S$12,056",12056.0,Pre-Owned / New (See Listing),0.0,,Dealer / Seller,Chrono24 Seller (DE),https://www.chrono24.sg,https://www.chrono24.sg/audemarspiguet/audemars-piguet-royal-oak-alinghi-mit-zertifikat-limited-edition--id39210640.htm,"data:image/svg+xml,%3Csvg xmlns=""http://www.w3.org/2000/svg"" viewBox=""0 0 1 1""%3E%3C/svg%3E","data:image/svg+xml,%3Csvg xmlns=""http://www.w3.org/2000/svg"" viewBox=""0 0 1 1""%3E%3C/svg%3E",Listed on Chrono24 (DE). Seller: Dealer / Seller,2026-09-10 09:53:57
46764840,Audemars Piguet Royal Oak Double Balance Wheel Openworked - UNWORN 41mm Blue Sapphire 15412BC.SS.1220BC.02,audemars piguet royal oak,"S$1,003,604",1003604.0,Pre-Owned / New (See Listing),0.0,,Dealer / Seller,Chrono24 Seller (US),https://www.chrono24.sg,https://www.chrono24.sg/audemarspiguet/royal-oak-unworn-41mm-blue-sapphire-15412bcss1220bc02--id46764840.htm,"data:image/svg+xml,%3Csvg xmlns=""http://www.w3.org/2000/svg"" viewBox=""0 0 1 1""%3E%3C/svg%3E","data:image/svg+xml,%3Csvg xmlns=""http://www.w3.org/2000/svg"" viewBox=""0 0 1 1""%3E%3C/svg%3E",Listed on Chrono24 (US). Seller: Dealer / Seller,2026-09-10 09:53:57
46744337,Audemars Piguet Royal Oak - Selfwinding,audemars piguet royal oak,"S$84,173",84173.0,Pre-Owned / New (See Listing),0.0,,Dealer / Seller,Chrono24 Seller (US),https://www.chrono24.sg,https://www.chrono24.sg/audemarspiguet/audemars-piguet-royal-oak-selfwinding--id46744337.htm,"data:image/svg+xml,%3Csvg xmlns=""http://www.w3.org/2000/svg"" viewBox=""0 0 1 1""%3E%3C/svg%3E","data:image/svg+xml,%3Csvg xmlns=""http://www.w3.org/2000/svg"" viewBox=""0 0 1 1""%3E%3C/svg%3E",Listed on Chrono24 (US). Seller: Dealer / Seller,2026-09-10 09:53:57
47066297,Audemars Piguet Royal Oak - Chronograph Black Dial 26331ST Full Set 2020,audemars piguet royal oak,"S$59,720",59720.0,Pre-Owned / New (See Listing),0.0,,Dealer / Seller,Chrono24 Seller (UK),https://www.chrono24.sg,https://www.chrono24.sg/audemarspiguet/audemars-piguet-royal-oak-chronograph-black-dial-26331st-full-set-2020--id47066297.htm,"data:image/svg+xml,%3Csvg xmlns=""http://www.w3.org/2000/svg"" viewBox=""0 0 1 1""%3E%3C/svg%3E","data:image/svg+xml,%3Csvg xmlns=""http://www.w3.org/2000/svg"" viewBox=""0 0 1 1""%3E%3C/svg%3E",Listed on Chrono24 (UK). Seller: Dealer / Seller,2026-09-10 09:53:57
45547334,Audemars Piguet Royal Oak - Ultra Rare 14486BA / 35.5mm / Transitional reference,audemars piguet royal oak,"S$55,754",55754.0,Pre-Owned / New (See Listing),0.0,,Dealer / Seller,Chrono24 Seller (NL),https://www.chrono24.sg,https://www.chrono24.sg/audemarspiguet/audemars-piguet-royal-oak--id45547334.htm,"data:image/svg+xml,%3Csvg xmlns=""http://www.w3.org/2000/svg"" viewBox=""0 0 1 1""%3E%3C/svg%3E","data:image/svg+xml,%3Csvg xmlns=""http://www.w3.org/2000/svg"" viewBox=""0 0 1 1""%3E%3C/svg%3E",Listed on Chrono24 (NL). Seller: Dealer / Seller,2026-09-10 09:53:57
40162127,Audemars Piguet Royal Oak - Grey Rhodium Dial 15500ST Like New Full Set,audemars piguet royal oak,"S$58,662",58662.0,Pre-Owned / New (See Listing),0.0,,Dealer / Seller,Chrono24 Seller (US),https://www.chrono24.sg,https://www.chrono24.sg/audemarspiguet/royal-oak-grey-rhodium-dial-15500st--id40162127.htm,"data:image/svg+xml,%3Csvg xmlns=""http://www.w3.org/2000/svg"" viewBox=""0 0 1 1""%3E%3C/svg%3E","data:image/svg+xml,%3Csvg xmlns=""http://www.w3.org/2000/svg"" viewBox=""0 0 1 1""%3E%3C/svg%3E",Listed on Chrono24 (US). Seller: Dealer / Seller,2026-09-10 09:53:57
47447799,Audemars Piguet Royal Oak - Stainless Steel 15300ST.OO.1220ST.01 - COM004216,audemars piguet royal oak,"S$41,193",41193.0,Pre-Owned / New (See Listing),0.0,,Dealer / Seller,Chrono24 Seller (UK),https://www.chrono24.sg,https://www.chrono24.sg/audemarspiguet/royal-oak-stainless-steel-15300stoo1220st01---com004216--id47447799.htm,"data:image/svg+xml,%3Csvg xmlns=""http://www.w3.org/2000/svg"" viewBox=""0 0 1 1""%3E%3C/svg%3E","data:image/svg+xml,%3Csvg xmlns=""http://www.w3.org/2000/svg"" viewBox=""0 0 1 1""%3E%3C/svg%3E",Listed on Chrono24 (UK). Seller: Dealer / Seller,2026-09-10 09:53:57
43495087,Audemars Piguet Royal Oak - 4100SA Bicolor Vintage,audemars piguet royal oak,"S$25,499",25499.0,Pre-Owned / New (See Listing),0.0,,Dealer / Seller,Chrono24 Seller (DE),https://www.chrono24.sg,https://www.chrono24.sg/audemarspiguet/audemars-piguet-royal-oak--id43495087.htm,"data:image/svg+xml,%3Csvg xmlns=""http://www.w3.org/2000/svg"" viewBox=""0 0 1 1""%3E%3C/svg%3E","data:image/svg+xml,%3Csvg xmlns=""http://www.w3.org/2000/svg"" viewBox=""0 0 1 1""%3E%3C/svg%3E",Listed on Chrono24 (DE). Seller: Dealer / Seller,2026-09-10 09:53:57
45582219,Audemars Piguet Royal Oak - Selfwinding Chronograph 26715ST Grey dial 38 mm 2021,audemars piguet royal oak,"S$58,696",58696.0,Pre-Owned / New (See Listing),0.0,,Dealer / Seller,Chrono24 Seller (FR),https://www.chrono24.sg,https://www.chrono24.sg/audemarspiguet/royal-oak-selfwinding-chronograph--id45582219.htm,"data:image/svg+xml,%3Csvg xmlns=""http://www.w3.org/2000/svg"" viewBox=""0 0 1 1""%3E%3C/svg%3E","data:image/svg+xml,%3Csvg xmlns=""http://www.w3.org/2000/svg"" viewBox=""0 0 1 1""%3E%3C/svg%3E",Listed on Chrono24 (FR). Seller: Dealer / Seller,2026-09-10 09:53:57
46685305,Audemars Piguet Royal Oak - NEW 2026 Royal Oak Chronograph 41mm 26240ST Blue Dial,audemars piguet royal oak,"S$101,222",101222.0,Pre-Owned / New (See Listing),0.0,,Dealer / Seller,Chrono24 Seller (US),https://www.chrono24.sg,https://www.chrono24.sg/audemarspiguet/new-2026-royal-oak-chronograph-41mm-26240st-blue-dial--id46685305.htm,"data:image/svg+xml,%3Csvg xmlns=""http://www.w3.org/2000/svg"" viewBox=""0 0 1 1""%3E%3C/svg%3E","data:image/svg+xml,%3Csvg xmlns=""http://www.w3.org/2000/svg"" viewBox=""0 0 1 1""%3E%3C/svg%3E",Listed on Chrono24 (US). Seller: Dealer / Seller,2026-09-10 09:53:57
46328720,Audemars Piguet Royal Oak - UNWORN John Mayer Blue Limited 26574BC.OO.1220BC.02,audemars piguet royal oak,"S$472,665",472665.0,Pre-Owned / New (See Listing),0.0,,Dealer / Seller,Chrono24 Seller (US),https://www.chrono24.sg,https://www.chrono24.sg/audemarspiguet/royal-oak-unworn-john-mayer-blue-limited-26574bcoo1220bc02--id46328720.htm,"data:image/svg+xml,%3Csvg xmlns=""http://www.w3.org/2000/svg"" viewBox=""0 0 1 1""%3E%3C/svg%3E","data:image/svg+xml,%3Csvg xmlns=""http://www.w3.org/2000/svg"" viewBox=""0 0 1 1""%3E%3C/svg%3E",Listed on Chrono24 (US). Seller: Dealer / Seller,2026-09-10 09:53:57
47095721,Audemars Piguet Royal Oak - Selfwinding 15510ST 41mm Stainless Steel Blue Dial 2023,audemars piguet royal oak,"S$81,583",81583.0,Pre-Owned / New (See Listing),0.0,,Dealer / Seller,Chrono24 Seller (US),https://www.chrono24.sg,https://www.chrono24.sg/audemarspiguet/audemars-piguet-royal-oak-selfwinding--id47095721.htm,"data:image/svg+xml,%3Csvg xmlns=""http://www.w3.org/2000/svg"" viewBox=""0 0 1 1""%3E%3C/svg%3E","data:image/svg+xml,%3Csvg xmlns=""http://www.w3.org/2000/svg"" viewBox=""0 0 1 1""%3E%3C/svg%3E",Listed on Chrono24 (US). Seller: Dealer / Seller,2026-09-10 09:53:57
46743117,Audemars Piguet Royal Oak - White_37mm_15450ST_Like New_Full Set,audemars piguet royal oak,"S$51,227",51227.0,Pre-Owned / New (See Listing),0.0,,Dealer / Seller,Chrono24 Seller (IT),https://www.chrono24.sg,https://www.chrono24.sg/audemarspiguet/audemars-piguet-royal-oak--id46743117.htm,"data:image/svg+xml,%3Csvg xmlns=""http://www.w3.org/2000/svg"" viewBox=""0 0 1 1""%3E%3C/svg%3E","data:image/svg+xml,%3Csvg xmlns=""http://www.w3.org/2000/svg"" viewBox=""0 0 1 1""%3E%3C/svg%3E",Listed on Chrono24 (IT). Seller: Dealer / Seller,2026-09-10 09:53:57
47700359,Audemars Piguet Royal Oak - 26320ST,audemars piguet royal oak,"S$42,862",42862.0,Pre-Owned / New (See Listing),0.0,,Dealer / Seller,Chrono24 Seller (US),https://www.chrono24.sg,https://www.chrono24.sg/audemarspiguet/audemars-piguet-royal-oak--id47700359.htm,"data:image/svg+xml,%3Csvg xmlns=""http://www.w3.org/2000/svg"" viewBox=""0 0 1 1""%3E%3C/svg%3E","data:image/svg+xml,%3Csvg xmlns=""http://www.w3.org/2000/svg"" viewBox=""0 0 1 1""%3E%3C/svg%3E",Listed on Chrono24 (US). Seller: Dealer / Seller,2026-09-10 09:53:57
47661595,Audemars Piguet Royal Oak - Black Dial Stainless Steel 15510ST.OO.1320ST.07 Unworn Like New Complete Set,audemars piguet royal oak,"S$66,432",66432.0,Pre-Owned / New (See Listing),0.0,,Dealer / Seller,Chrono24 Seller (US),https://www.chrono24.sg,https://www.chrono24.sg/audemarspiguet/royal-oak-black-dial-stainless-steel-15510stoo1320st07--id47661595.htm,"data:image/svg+xml,%3Csvg xmlns=""http://www.w3.org/2000/svg"" viewBox=""0 0 1 1""%3E%3C/svg%3E","data:image/svg+xml,%3Csvg xmlns=""http://www.w3.org/2000/svg"" viewBox=""0 0 1 1""%3E%3C/svg%3E",Listed on Chrono24 (US). Seller: Dealer / Seller,2026-09-10 09:53:57
44868653,Audemars Piguet Royal Oak - Complete 41mm Black Dial Steel Case Bracelet Selfwinding Automatic Date 15400ST,audemars piguet royal oak,"S$53,418",53418.0,Pre-Owned / New (See Listing),0.0,,Dealer / Seller,Chrono24 Seller (US),https://www.chrono24.sg,https://www.chrono24.sg/audemarspiguet/audemars-piguet-royal-oak-complete-41mm-black-dial-steel-case-bracelet-selfwinding-automatic-date-15400st--id44868653.htm,"data:image/svg+xml,%3Csvg xmlns=""http://www.w3.org/2000/svg"" viewBox=""0 0 1 1""%3E%3C/svg%3E","data:image/svg+xml,%3Csvg xmlns=""http://www.w3.org/2000/svg"" viewBox=""0 0 1 1""%3E%3C/svg%3E",Listed on Chrono24 (US). Seller: Dealer / Seller,2026-09-10 09:53:57
47000334,Audemars Piguet Royal Oak - Perpetual Calendar “Full Brick” 26574ST.OO.1220ST.02 | Full Set 41mm,audemars piguet royal oak,"S$146,325",146325.0,Pre-Owned / New (See Listing),0.0,,Dealer / Seller,Chrono24 Seller (US),https://www.chrono24.sg,https://www.chrono24.sg/audemarspiguet/audemars-piguet-royal-oak-perpetual-calendar-full-brick-26574stoo1220st02--full-set-41mm--id47000334.htm,"data:image/svg+xml,%3Csvg xmlns=""http://www.w3.org/2000/svg"" viewBox=""0 0 1 1""%3E%3C/svg%3E","data:image/svg+xml,%3Csvg xmlns=""http://www.w3.org/2000/svg"" viewBox=""0 0 1 1""%3E%3C/svg%3E",Listed on Chrono24 (US). Seller: Dealer / Seller,2026-09-10 09:53:57
45857428,Audemars Piguet Royal Oak - Blue Dial,audemars piguet royal oak,"S$64,101",64101.0,Pre-Owned / New (See Listing),0.0,,Private Seller,Chrono24 Seller (US),https://www.chrono24.sg,https://www.chrono24.sg/audemarspiguet/royal-oak--id45857428.htm,"data:image/svg+xml,%3Csvg xmlns=""http://www.w3.org/2000/svg"" viewBox=""0 0 1 1""%3E%3C/svg%3E","data:image/svg+xml,%3Csvg xmlns=""http://www.w3.org/2000/svg"" viewBox=""0 0 1 1""%3E%3C/svg%3E",Listed on Chrono24 (US). Seller: Private Seller,2026-09-10 09:53:57
46285019,Audemars Piguet Royal Oak - Comes as Watch Only,audemars piguet royal oak,"S$41,374",41374.0,Pre-Owned / New (See Listing),0.0,,Dealer / Seller,Chrono24 Seller (US),https://www.chrono24.sg,https://www.chrono24.sg/audemarspiguet/royal-oak--id46285019.htm,"data:image/svg+xml,%3Csvg xmlns=""http://www.w3.org/2000/svg"" viewBox=""0 0 1 1""%3E%3C/svg%3E","data:image/svg+xml,%3Csvg xmlns=""http://www.w3.org/2000/svg"" viewBox=""0 0 1 1""%3E%3C/svg%3E",Listed on Chrono24 (US). Seller: Dealer / Seller,2026-09-10 09:53:57
44773595,Audemars Piguet Royal Oak - 34mm Blue Dial w Diamond Bezel - Full set,audemars piguet royal oak,"S$61,317",61317.0,Pre-Owned / New (See Listing),0.0,,Private Seller,Chrono24 Seller (US),https://www.chrono24.sg,https://www.chrono24.sg/audemarspiguet/royal-oak--id44773595.htm,"data:image/svg+xml,%3Csvg xmlns=""http://www.w3.org/2000/svg"" viewBox=""0 0 1 1""%3E%3C/svg%3E","data:image/svg+xml,%3Csvg xmlns=""http://www.w3.org/2000/svg"" viewBox=""0 0 1 1""%3E%3C/svg%3E",Listed on Chrono24 (US). Seller: Private Seller,2026-09-10 09:53:57
47307643,Audemars Piguet Royal Oak - Black Dial Rose Gold Ceramic Casing Bracelet 34MM,audemars piguet royal oak,"S$82,000",82000.0,Pre-Owned / New (See Listing),0.0,,Private Seller,Chrono24 Seller (SG),https://www.chrono24.sg,https://www.chrono24.sg/audemarspiguet/royal-oak--id47307643.htm,"data:image/svg+xml,%3Csvg xmlns=""http://www.w3.org/2000/svg"" viewBox=""0 0 1 1""%3E%3C/svg%3E","data:image/svg+xml,%3Csvg xmlns=""http://www.w3.org/2000/svg"" viewBox=""0 0 1 1""%3E%3C/svg%3E",Listed on Chrono24 (SG). Seller: Private Seller,2026-09-10 09:53:57
45868247,Audemars Piguet Royal Oak - Extra-Thin Tourbillon Blue 26510ST.OO.1220ST.01,audemars piguet royal oak,"S$171,454",171454.0,Pre-Owned / New (See Listing),0.0,,Dealer / Seller,Chrono24 Seller (US),https://www.chrono24.sg,https://www.chrono24.sg/audemarspiguet/royal-oak-extra-thin-tourbillon-blue-26510stoo1220st01--id45868247.htm,"data:image/svg+xml,%3Csvg xmlns=""http://www.w3.org/2000/svg"" viewBox=""0 0 1 1""%3E%3C/svg%3E","data:image/svg+xml,%3Csvg xmlns=""http://www.w3.org/2000/svg"" viewBox=""0 0 1 1""%3E%3C/svg%3E",Listed on Chrono24 (US). Seller: Dealer / Seller,2026-09-10 09:53:57
47223721,Audemars Piguet Royal Oak - 4100ST Blue Dial Mens Watch,audemars piguet royal oak,"S$36,905",36905.0,Pre-Owned / New (See Listing),0.0,,Dealer / Seller,Chrono24 Seller (US),https://www.chrono24.sg,https://www.chrono24.sg/audemarspiguet/royal-oak-4100st-blue-dial-mens-watch--id47223721.htm,"data:image/svg+xml,%3Csvg xmlns=""http://www.w3.org/2000/svg"" viewBox=""0 0 1 1""%3E%3C/svg%3E","data:image/svg+xml,%3Csvg xmlns=""http://www.w3.org/2000/svg"" viewBox=""0 0 1 1""%3E%3C/svg%3E",Listed on Chrono24 (US). Seller: Dealer / Seller,2026-09-10 09:53:57
46391301,Audemars Piguet Royal Oak - Chronograph White Dial / 25860ST.OO.1110ST.05 / 39mm,audemars piguet royal oak,"S$43,004",43004.0,Pre-Owned / New (See Listing),0.0,,Dealer / Seller,Chrono24 Seller (DE),https://www.chrono24.sg,https://www.chrono24.sg/audemarspiguet/royal-oak-chronograph--id46391301.htm,"data:image/svg+xml,%3Csvg xmlns=""http://www.w3.org/2000/svg"" viewBox=""0 0 1 1""%3E%3C/svg%3E","data:image/svg+xml,%3Csvg xmlns=""http://www.w3.org/2000/svg"" viewBox=""0 0 1 1""%3E%3C/svg%3E",Listed on Chrono24 (DE). Seller: Dealer / Seller,2026-09-10 09:53:57
44407263,Audemars Piguet Royal Oak - Chronograph 26240OR Blue Dial Complete Set Rose Gold Mint Condition,audemars piguet royal oak,"S$178,427",178427.0,Pre-Owned / New (See Listing),0.0,,Dealer / Seller,Chrono24 Seller (US),https://www.chrono24.sg,https://www.chrono24.sg/audemarspiguet/royal-oak-chronograph--id44407263.htm,"data:image/svg+xml,%3Csvg xmlns=""http://www.w3.org/2000/svg"" viewBox=""0 0 1 1""%3E%3C/svg%3E","data:image/svg+xml,%3Csvg xmlns=""http://www.w3.org/2000/svg"" viewBox=""0 0 1 1""%3E%3C/svg%3E",Listed on Chrono24 (US). Seller: Dealer / Seller,2026-09-10 09:53:57
48029200,Audemars Piguet Royal Oak - Full Set - Blue Dial - German Invoice - 15450ST,audemars piguet royal oak,"S$62,242",62242.0,Pre-Owned / New (See Listing),0.0,,Private Seller,Chrono24 Seller (DE),https://www.chrono24.sg,https://www.chrono24.sg/audemarspiguet/royal-oak--id48029200.htm,"data:image/svg+xml,%3Csvg xmlns=""http://www.w3.org/2000/svg"" viewBox=""0 0 1 1""%3E%3C/svg%3E","data:image/svg+xml,%3Csvg xmlns=""http://www.w3.org/2000/svg"" viewBox=""0 0 1 1""%3E%3C/svg%3E",Listed on Chrono24 (DE). Seller: Private Seller,2026-09-10 09:53:57
48156243,Audemars Piguet Royal Oak - Blue Dial Ref.25730ST,audemars piguet royal oak,"S$35,912",35912.0,Pre-Owned / New (See Listing),0.0,,Dealer / Seller,Chrono24 Seller (AT),https://www.chrono24.sg,https://www.chrono24.sg/audemarspiguet/royal-oak-blue-dial-ref25730st--id48156243.htm,"data:image/svg+xml,%3Csvg xmlns=""http://www.w3.org/2000/svg"" viewBox=""0 0 1 1""%3E%3C/svg%3E","data:image/svg+xml,%3Csvg xmlns=""http://www.w3.org/2000/svg"" viewBox=""0 0 1 1""%3E%3C/svg%3E",Listed on Chrono24 (AT). Seller: Dealer / Seller,2026-09-10 09:53:57
45509299,Audemars Piguet Royal Oak Double Balance Wheel Openworked - Skeleton Dial Full Set In Stock Rose Gold 15407OR,audemars piguet royal oak,"S$296,549",296549.0,Pre-Owned / New (See Listing),0.0,,Dealer / Seller,Chrono24 Seller (US),https://www.chrono24.sg,https://www.chrono24.sg/audemarspiguet/audemars-piguet-royal-oak-double-balance-wheel-openworked--id45509299.htm,"data:image/svg+xml,%3Csvg xmlns=""http://www.w3.org/2000/svg"" viewBox=""0 0 1 1""%3E%3C/svg%3E","data:image/svg+xml,%3Csvg xmlns=""http://www.w3.org/2000/svg"" viewBox=""0 0 1 1""%3E%3C/svg%3E",Listed on Chrono24 (US). Seller: Dealer / Seller,2026-09-10 09:53:57
46057258,Audemars Piguet Royal Oak - 6009ST | B Serie | Tropical Dial,audemars piguet royal oak,"S$14,712",14712.0,Pre-Owned / New (See Listing),0.0,,Dealer / Seller,Chrono24 Seller (DE),https://www.chrono24.sg,https://www.chrono24.sg/audemarspiguet/audemars-piguet-royal-oak--id46057258.htm,"data:image/svg+xml,%3Csvg xmlns=""http://www.w3.org/2000/svg"" viewBox=""0 0 1 1""%3E%3C/svg%3E","data:image/svg+xml,%3Csvg xmlns=""http://www.w3.org/2000/svg"" viewBox=""0 0 1 1""%3E%3C/svg%3E",Listed on Chrono24 (DE). Seller: Dealer / Seller,2026-09-10 09:53:57
46775303,"Audemars Piguet Royal Oak Jumbo - 16202 st Royal Oak ""jumbo"" Extra-thin",audemars piguet royal oak,"S$104,295",104295.0,Pre-Owned / New (See Listing),0.0,,Dealer / Seller,Chrono24 Seller (CH),https://www.chrono24.sg,https://www.chrono24.sg/audemarspiguet/16202-st-royal-oak-jumbo-extra-thin--id46775303.htm,"data:image/svg+xml,%3Csvg xmlns=""http://www.w3.org/2000/svg"" viewBox=""0 0 1 1""%3E%3C/svg%3E","data:image/svg+xml,%3Csvg xmlns=""http://www.w3.org/2000/svg"" viewBox=""0 0 1 1""%3E%3C/svg%3E",Listed on Chrono24 (CH). Seller: Dealer / Seller,2026-09-10 09:53:57
45372197,Audemars Piguet Royal Oak - Chronograph,audemars piguet royal oak,"S$59,567",59567.0,Pre-Owned / New (See Listing),0.0,,Dealer / Seller,Chrono24 Seller (US),https://www.chrono24.sg,https://www.chrono24.sg/audemarspiguet/royal-oak-chronograph--id45372197.htm,"data:image/svg+xml,%3Csvg xmlns=""http://www.w3.org/2000/svg"" viewBox=""0 0 1 1""%3E%3C/svg%3E","data:image/svg+xml,%3Csvg xmlns=""http://www.w3.org/2000/svg"" viewBox=""0 0 1 1""%3E%3C/svg%3E",Listed on Chrono24 (US). Seller: Dealer / Seller,2026-09-10 09:53:57
46813994,Audemars Piguet Royal Oak - 6008ST Royal oak Quartz Rare,audemars piguet royal oak,"S$21,388",21388.0,Pre-Owned / New (See Listing),0.0,,Dealer / Seller,Chrono24 Seller (SG),https://www.chrono24.sg,https://www.chrono24.sg/audemarspiguet/audemars-piguet-royal-oak-6008st--id46813994.htm,"data:image/svg+xml,%3Csvg xmlns=""http://www.w3.org/2000/svg"" viewBox=""0 0 1 1""%3E%3C/svg%3E","data:image/svg+xml,%3Csvg xmlns=""http://www.w3.org/2000/svg"" viewBox=""0 0 1 1""%3E%3C/svg%3E",Listed on Chrono24 (SG). Seller: Dealer / Seller,2026-09-10 09:53:57
48090897,Audemars Piguet Royal Oak - 77350ST.OO.1261ST.01,audemars piguet royal oak,"S$40,144",40144.0,Pre-Owned / New (See Listing),0.0,,Dealer / Seller,Chrono24 Seller (US),https://www.chrono24.sg,https://www.chrono24.sg/audemarspiguet/royal-oak-77350stoo1261st01--id48090897.htm,"data:image/svg+xml,%3Csvg xmlns=""http://www.w3.org/2000/svg"" viewBox=""0 0 1 1""%3E%3C/svg%3E","data:image/svg+xml,%3Csvg xmlns=""http://www.w3.org/2000/svg"" viewBox=""0 0 1 1""%3E%3C/svg%3E",Listed on Chrono24 (US). Seller: Dealer / Seller,2026-09-10 09:53:57
48426964,Audemars Piguet Royal Oak - Limited Edition 39mm City of Sails,audemars piguet royal oak,"S$33,367",33367.0,Pre-Owned / New (See Listing),0.0,,Dealer / Seller,Chrono24 Seller (UK),https://www.chrono24.sg,https://www.chrono24.sg/audemarspiguet/royal-oak--id48426964.htm,"data:image/svg+xml,%3Csvg xmlns=""http://www.w3.org/2000/svg"" viewBox=""0 0 1 1""%3E%3C/svg%3E","data:image/svg+xml,%3Csvg xmlns=""http://www.w3.org/2000/svg"" viewBox=""0 0 1 1""%3E%3C/svg%3E",Listed on Chrono24 (UK). Seller: Dealer / Seller,2026-09-10 09:53:57
46159551,Audemars Piguet Royal Oak - Chronograph 25860ST.OO.1110ST.01,audemars piguet royal oak,"S$42,989",42989.0,Pre-Owned / New (See Listing),0.0,,Dealer / Seller,Chrono24 Seller (DE),https://www.chrono24.sg,https://www.chrono24.sg/audemarspiguet/audemars-piguet-royal-oak-chronograph-25860stoo1110st01--id46159551.htm,"data:image/svg+xml,%3Csvg xmlns=""http://www.w3.org/2000/svg"" viewBox=""0 0 1 1""%3E%3C/svg%3E","data:image/svg+xml,%3Csvg xmlns=""http://www.w3.org/2000/svg"" viewBox=""0 0 1 1""%3E%3C/svg%3E",Listed on Chrono24 (DE). Seller: Dealer / Seller,2026-09-10 09:53:57
